#include "level.h"
#include "../../level_themes/Mars/theme.h"
#include "sk64/skelatool_defs.h"
#include <ultra64.h>

Vtx Sojourner_Grid_001_color[] = {
    {{{-8979, 0, 3834}, 0, {-405, 14}, {203, 96, 95, 255}}},
    {{{-9755, 524, 4458}, 0, {-205, 1098}, {203, 96, 95, 255}}},
    {{{-4783, 524, 8921}, 0, {1118, 1111}, {202, 93, 92, 255}}},
    {{{-4007, 0, 7668}, 0, {716, 11}, {202, 93, 92, 255}}},
    {{{-9755, 524, 4458}, 0, {-205, 1098}, {203, 96, 95, 255}}},
    {{{-9755, 524, -4}, 0, {-1529, 1085}, {203, 98, 97, 255}}},
    {{{-10752, 524, 23}, 0, {-1523, 1983}, {203, 98, 97, 255}}},
    {{{-10752, 524, 5139}, 0, {-26, 2003}, {203, 96, 95, 255}}},
    {{{-4007, 0, 7668}, 0, {716, 11}, {202, 93, 92, 255}}},
    {{{-4783, 524, 8921}, 0, {1118, 1111}, {202, 93, 92, 255}}},
    {{{0, 524, 8921}, 0, {4001, 1073}, {202, 92, 91, 255}}},
    {{{0, 0, 7668}, 0, {3999, -32}, {202, 92, 91, 255}}},
    {{{7903, 0, 2765}, 0, {-1526, 16}, {203, 98, 97, 255}}},
    {{{4007, 0, 7668}, 0, {716, 11}, {202, 93, 92, 255}}},
    {{{4783, 524, 8921}, 0, {1118, 1111}, {202, 93, 92, 255}}},
    {{{8679, 524, 2760}, 0, {-1529, 1085}, {203, 98, 97, 255}}},
    {{{4783, 524, 8921}, 0, {1118, 1111}, {202, 93, 92, 255}}},
    {{{0, 524, 8921}, 0, {4001, 1073}, {202, 92, 91, 255}}},
    {{{-2, 524, 10256}, 0, {4004, 1992}, {202, 92, 91, 255}}},
    {{{5780, 524, 10256}, 0, {1470, 2024}, {202, 93, 92, 255}}},
    {{{9676, 524, 2788}, 0, {-1523, 1983}, {203, 98, 97, 255}}},
    {{{8679, 524, 2760}, 0, {-1529, 1085}, {203, 98, 97, 255}}},
    {{{4007, 0, 7668}, 0, {716, 11}, {202, 93, 92, 255}}},
    {{{0, 524, 8921}, 0, {4001, 1073}, {202, 92, 91, 255}}},
    {{{4783, 524, 8921}, 0, {1118, 1111}, {202, 93, 92, 255}}},
    {{{-8979, 0, 0}, 0, {-1526, 16}, {203, 98, 97, 255}}},
    {{{-4007, 0, -7668}, 0, {716, 11}, {202, 93, 92, 255}}},
    {{{-4783, 524, -8921}, 0, {1118, 1111}, {202, 93, 92, 255}}},
    {{{-9755, 524, 4}, 0, {-1529, 1085}, {203, 98, 97, 255}}},
    {{{-4783, 524, -8921}, 0, {1118, 1111}, {202, 93, 92, 255}}},
    {{{0, 524, -8921}, 0, {4001, 1073}, {202, 92, 91, 255}}},
    {{{2, 524, -10256}, 0, {4004, 1992}, {202, 92, 91, 255}}},
    {{{-5780, 524, -10256}, 0, {1470, 2024}, {202, 93, 92, 255}}},
    {{{-10752, 524, -23}, 0, {-1523, 1983}, {203, 98, 97, 255}}},
    {{{-9755, 524, 4}, 0, {-1529, 1085}, {203, 98, 97, 255}}},
    {{{-4007, 0, -7668}, 0, {716, 11}, {202, 93, 92, 255}}},
    {{{0, 0, -7668}, 0, {3999, -32}, {202, 92, 91, 255}}},
    {{{0, 524, -8921}, 0, {4001, 1073}, {202, 92, 91, 255}}},
    {{{-4783, 524, -8921}, 0, {1118, 1111}, {202, 93, 92, 255}}},
    {{{9397, 0, -3834}, 0, {-405, 14}, {203, 96, 95, 255}}},
    {{{10172, 524, -4458}, 0, {-205, 1098}, {203, 96, 95, 255}}},
    {{{4783, 524, -8921}, 0, {1118, 1111}, {202, 93, 92, 255}}},
    {{{4007, 0, -7668}, 0, {716, 11}, {202, 93, 92, 255}}},
    {{{10172, 524, -4458}, 0, {-205, 1098}, {203, 96, 95, 255}}},
    {{{8679, 524, 2770}, 0, {-1529, 1085}, {203, 98, 97, 255}}},
    {{{9676, 524, 2741}, 0, {-1523, 1983}, {203, 98, 97, 255}}},
    {{{11170, 524, -5139}, 0, {-26, 2003}, {203, 96, 95, 255}}},
    {{{4007, 0, -7668}, 0, {716, 11}, {202, 93, 92, 255}}},
    {{{4783, 524, -8921}, 0, {1118, 1111}, {202, 93, 92, 255}}},
    {{{0, 524, -8921}, 0, {4001, 1073}, {202, 92, 91, 255}}},
    {{{7903, 0, 2765}, 0, {-1526, 16}, {203, 98, 97, 255}}},
    {{{8679, 524, 2770}, 0, {-1529, 1085}, {203, 98, 97, 255}}},
    {{{10172, 524, -4458}, 0, {-205, 1098}, {203, 96, 95, 255}}},
    {{{9397, 0, -3834}, 0, {-405, 14}, {203, 96, 95, 255}}},
    {{{4783, 524, -8921}, 0, {1118, 1111}, {202, 93, 92, 255}}},
    {{{5780, 524, -10256}, 0, {1470, 2024}, {202, 93, 92, 255}}},
    {{{-2, 524, -10256}, 0, {4004, 1992}, {202, 92, 91, 255}}},
    {{{0, 524, -8921}, 0, {4001, 1073}, {202, 92, 91, 255}}},
    {{{-8979, 0, 0}, 0, {-1526, 16}, {203, 98, 97, 255}}},
    {{{-9755, 524, -4}, 0, {-1529, 1085}, {203, 98, 97, 255}}},
    {{{-9755, 524, 4458}, 0, {-205, 1098}, {203, 96, 95, 255}}},
    {{{-8979, 0, 3834}, 0, {-405, 14}, {203, 96, 95, 255}}},
    {{{-4783, 524, 8921}, 0, {1118, 1111}, {202, 93, 92, 255}}},
    {{{-5780, 524, 10256}, 0, {1470, 2024}, {202, 93, 92, 255}}},
    {{{2, 524, 10256}, 0, {4004, 1992}, {202, 92, 91, 255}}},
    {{{0, 524, 8921}, 0, {4001, 1073}, {202, 92, 91, 255}}},
};


Vtx Sojourner_Grid_color[] = {
    {{{-4507, 0, 4015}, 0, {2373, -1964}, {234, 149, 84, 255}}},
    {{{-9198, 0, 4015}, 0, {4541, -2784}, {212, 112, 90, 255}}},
    {{{-9198, 0, 8031}, 0, {3722, -4953}, {202, 93, 92, 255}}},
    {{{-4507, 0, 8031}, 0, {1553, -4133}, {202, 93, 92, 255}}},
    {{{9564, 0, 4015}, 0, {-4133, 494}, {203, 94, 92, 255}}},
    {{{4874, 0, 4015}, 0, {-1964, -325}, {245, 166, 80, 255}}},
    {{{4874, 0, 8031}, 0, {-2784, -2493}, {205, 99, 91, 255}}},
    {{{9564, 0, 8031}, 0, {-4953, -1674}, {250, 173, 79, 255}}},
    {{{183, 0, 4015}, 0, {204, -1144}, {223, 132, 87, 255}}},
    {{{183, 0, 8031}, 0, {-615, -3313}, {202, 93, 92, 255}}},
    {{{9564, 0, -8031}, 0, {-1674, 7001}, {202, 93, 92, 255}}},
    {{{4874, 0, -8031}, 0, {494, 6181}, {202, 93, 92, 255}}},
    {{{4874, 0, -4015}, 0, {-325, 4012}, {220, 127, 88, 255}}},
    {{{9564, 0, -4015}, 0, {-2493, 4832}, {202, 93, 92, 255}}},
    {{{4874, 0, 0}, 0, {-1144, 1843}, {202, 93, 92, 255}}},
    {{{9564, 0, 0}, 0, {-3313, 2663}, {202, 93, 92, 255}}},
    {{{183, 0, -8031}, 0, {2663, 5361}, {255, 179, 77, 255}}},
    {{{183, 0, -4015}, 0, {1843, 3192}, {214, 116, 89, 255}}},
    {{{183, 0, 0}, 0, {1023, 1024}, {202, 93, 92, 255}}},
    {{{-4507, 0, -8031}, 0, {4832, 4541}, {215, 119, 89, 255}}},
    {{{-4507, 0, -4015}, 0, {4012, 2373}, {205, 97, 92, 255}}},
    {{{-4507, 0, 0}, 0, {3192, 204}, {202, 93, 92, 255}}},
    {{{-9198, 0, -8031}, 0, {7001, 3722}, {239, 157, 82, 255}}},
    {{{-9198, 0, -4015}, 0, {6181, 1553}, {206, 102, 91, 255}}},
    {{{-9198, 0, 0}, 0, {5361, -615}, {203, 97, 92, 255}}},
};


Gfx Sojourner_model_gfx[] = {
    // Material Rock
    gsSPDisplayList(Mars_Rock),
    // End Material Rock
    gsSPVertex(&Sojourner_Grid_001_color[0], 32, 0),
    gsSP2Triangles(0, 1, 2, 0, 0, 2, 3, 0),
    gsSP2Triangles(4, 5, 6, 0, 4, 6, 7, 0),
    gsSP2Triangles(8, 9, 10, 0, 8, 10, 11, 0),
    gsSP2Triangles(12, 13, 14, 0, 12, 14, 15, 0),
    gsSP2Triangles(16, 17, 18, 0, 19, 16, 18, 0),
    gsSP2Triangles(16, 19, 20, 0, 21, 16, 20, 0),
    gsSP2Triangles(22, 11, 23, 0, 22, 23, 24, 0),
    gsSP2Triangles(25, 26, 27, 0, 25, 27, 28, 0),
    gsSP1Triangle(29, 30, 31, 0),
    gsSPVertex(&Sojourner_Grid_001_color[29], 1, 0),
    gsSPVertex(&Sojourner_Grid_001_color[31], 31, 1),
    gsSP2Triangles(2, 0, 1, 0, 0, 2, 3, 0),
    gsSP2Triangles(4, 0, 3, 0, 5, 6, 7, 0),
    gsSP2Triangles(5, 7, 8, 0, 9, 10, 11, 0),
    gsSP2Triangles(9, 11, 12, 0, 13, 14, 15, 0),
    gsSP2Triangles(13, 15, 16, 0, 17, 18, 19, 0),
    gsSP2Triangles(17, 19, 6, 0, 20, 21, 22, 0),
    gsSP2Triangles(20, 22, 23, 0, 24, 13, 16, 0),
    gsSP2Triangles(25, 24, 16, 0, 24, 25, 26, 0),
    gsSP2Triangles(27, 24, 26, 0, 28, 29, 30, 0),
    gsSP1Triangle(28, 30, 31, 0),
    gsSPVertex(&Sojourner_Grid_001_color[4], 1, 0),
    gsSPVertex(&Sojourner_Grid_001_color[7], 1, 1),
    gsSPVertex(&Sojourner_Grid_001_color[62], 4, 2),
    gsSP2Triangles(2, 0, 1, 0, 3, 2, 1, 0),
    gsSP2Triangles(2, 3, 4, 0, 5, 2, 4, 0),
    // Material Ground
    gsSPDisplayList(Mars_Ground),
    // End Material Ground
    gsSPVertex(&Sojourner_Grid_color[0], 25, 0),
    gsSP2Triangles(0, 1, 2, 0, 0, 2, 3, 0),
    gsSP2Triangles(4, 5, 6, 0, 4, 6, 7, 0),
    gsSP2Triangles(5, 8, 9, 0, 5, 9, 6, 0),
    gsSP2Triangles(8, 0, 3, 0, 8, 3, 9, 0),
    gsSP2Triangles(10, 11, 12, 0, 10, 12, 13, 0),
    gsSP2Triangles(13, 12, 14, 0, 13, 14, 15, 0),
    gsSP2Triangles(15, 14, 5, 0, 15, 5, 4, 0),
    gsSP2Triangles(11, 16, 17, 0, 11, 17, 12, 0),
    gsSP2Triangles(12, 17, 18, 0, 12, 18, 14, 0),
    gsSP2Triangles(14, 18, 8, 0, 14, 8, 5, 0),
    gsSP2Triangles(16, 19, 20, 0, 16, 20, 17, 0),
    gsSP2Triangles(17, 20, 21, 0, 17, 21, 18, 0),
    gsSP2Triangles(18, 21, 0, 0, 18, 0, 8, 0),
    gsSP2Triangles(19, 22, 23, 0, 19, 23, 20, 0),
    gsSP2Triangles(20, 23, 24, 0, 20, 24, 21, 0),
    gsSP2Triangles(21, 24, 1, 0, 21, 1, 0, 0),
    // Begin decor
    gsSPDisplayList(Mars_Crate),
    gsSPMatrix((Mtx*)MATRIX_TRANSFORM_SEGMENT_ADDRESS + 38, G_MTX_MODELVIEW | G_MTX_MUL | G_MTX_PUSH),
    gsSPDisplayList(Mars_CrateDisplayList),
    gsSPPopMatrix(G_MTX_MODELVIEW),
    gsSPMatrix((Mtx*)MATRIX_TRANSFORM_SEGMENT_ADDRESS + 37, G_MTX_MODELVIEW | G_MTX_MUL | G_MTX_PUSH),
    gsSPDisplayList(Mars_CrateDisplayList),
    gsSPPopMatrix(G_MTX_MODELVIEW),
    gsSPMatrix((Mtx*)MATRIX_TRANSFORM_SEGMENT_ADDRESS + 36, G_MTX_MODELVIEW | G_MTX_MUL | G_MTX_PUSH),
    gsSPDisplayList(Mars_CrateDisplayList),
    gsSPPopMatrix(G_MTX_MODELVIEW),
    gsSPMatrix((Mtx*)MATRIX_TRANSFORM_SEGMENT_ADDRESS + 30, G_MTX_MODELVIEW | G_MTX_MUL | G_MTX_PUSH),
    gsSPDisplayList(Mars_CrateDisplayList),
    gsSPPopMatrix(G_MTX_MODELVIEW),
    gsSPMatrix((Mtx*)MATRIX_TRANSFORM_SEGMENT_ADDRESS + 31, G_MTX_MODELVIEW | G_MTX_MUL | G_MTX_PUSH),
    gsSPDisplayList(Mars_CrateDisplayList),
    gsSPPopMatrix(G_MTX_MODELVIEW),
    gsSPMatrix((Mtx*)MATRIX_TRANSFORM_SEGMENT_ADDRESS + 17, G_MTX_MODELVIEW | G_MTX_MUL | G_MTX_PUSH),
    gsSPDisplayList(Mars_CrateDisplayList),
    gsSPPopMatrix(G_MTX_MODELVIEW),
    gsSPMatrix((Mtx*)MATRIX_TRANSFORM_SEGMENT_ADDRESS + 35, G_MTX_MODELVIEW | G_MTX_MUL | G_MTX_PUSH),
    gsSPDisplayList(Mars_CrateDisplayList),
    gsSPPopMatrix(G_MTX_MODELVIEW),
    gsSPMatrix((Mtx*)MATRIX_TRANSFORM_SEGMENT_ADDRESS + 34, G_MTX_MODELVIEW | G_MTX_MUL | G_MTX_PUSH),
    gsSPDisplayList(Mars_CrateDisplayList),
    gsSPPopMatrix(G_MTX_MODELVIEW),
    gsSPMatrix((Mtx*)MATRIX_TRANSFORM_SEGMENT_ADDRESS + 33, G_MTX_MODELVIEW | G_MTX_MUL | G_MTX_PUSH),
    gsSPDisplayList(Mars_CrateDisplayList),
    gsSPPopMatrix(G_MTX_MODELVIEW),
    gsSPMatrix((Mtx*)MATRIX_TRANSFORM_SEGMENT_ADDRESS + 32, G_MTX_MODELVIEW | G_MTX_MUL | G_MTX_PUSH),
    gsSPDisplayList(Mars_CrateDisplayList),
    gsSPPopMatrix(G_MTX_MODELVIEW),
    gsSPDisplayList(Mars_Rock),
    gsSPMatrix((Mtx*)MATRIX_TRANSFORM_SEGMENT_ADDRESS + 11, G_MTX_MODELVIEW | G_MTX_MUL | G_MTX_PUSH),
    gsSPDisplayList(Mars_Rock001DisplayList),
    gsSPPopMatrix(G_MTX_MODELVIEW),
    gsSPMatrix((Mtx*)MATRIX_TRANSFORM_SEGMENT_ADDRESS + 16, G_MTX_MODELVIEW | G_MTX_MUL | G_MTX_PUSH),
    gsSPDisplayList(Mars_Rock001DisplayList),
    gsSPPopMatrix(G_MTX_MODELVIEW),
    gsSPMatrix((Mtx*)MATRIX_TRANSFORM_SEGMENT_ADDRESS + 15, G_MTX_MODELVIEW | G_MTX_MUL | G_MTX_PUSH),
    gsSPDisplayList(Mars_Rock001DisplayList),
    gsSPPopMatrix(G_MTX_MODELVIEW),
    gsSPMatrix((Mtx*)MATRIX_TRANSFORM_SEGMENT_ADDRESS + 14, G_MTX_MODELVIEW | G_MTX_MUL | G_MTX_PUSH),
    gsSPDisplayList(Mars_Rock001DisplayList),
    gsSPPopMatrix(G_MTX_MODELVIEW),
    gsSPMatrix((Mtx*)MATRIX_TRANSFORM_SEGMENT_ADDRESS + 13, G_MTX_MODELVIEW | G_MTX_MUL | G_MTX_PUSH),
    gsSPDisplayList(Mars_Rock001DisplayList),
    gsSPPopMatrix(G_MTX_MODELVIEW),
    gsSPMatrix((Mtx*)MATRIX_TRANSFORM_SEGMENT_ADDRESS + 12, G_MTX_MODELVIEW | G_MTX_MUL | G_MTX_PUSH),
    gsSPDisplayList(Mars_Rock001DisplayList),
    gsSPPopMatrix(G_MTX_MODELVIEW),
    gsSPMatrix((Mtx*)MATRIX_TRANSFORM_SEGMENT_ADDRESS + 5, G_MTX_MODELVIEW | G_MTX_MUL | G_MTX_PUSH),
    gsSPDisplayList(Mars_Rock001DisplayList),
    gsSPPopMatrix(G_MTX_MODELVIEW),
    gsSPMatrix((Mtx*)MATRIX_TRANSFORM_SEGMENT_ADDRESS + 4, G_MTX_MODELVIEW | G_MTX_MUL | G_MTX_PUSH),
    gsSPDisplayList(Mars_Rock002DisplayList),
    gsSPPopMatrix(G_MTX_MODELVIEW),
    gsSPMatrix((Mtx*)MATRIX_TRANSFORM_SEGMENT_ADDRESS + 23, G_MTX_MODELVIEW | G_MTX_MUL | G_MTX_PUSH),
    gsSPDisplayList(Mars_Rock002DisplayList),
    gsSPPopMatrix(G_MTX_MODELVIEW),
    gsSPMatrix((Mtx*)MATRIX_TRANSFORM_SEGMENT_ADDRESS + 21, G_MTX_MODELVIEW | G_MTX_MUL | G_MTX_PUSH),
    gsSPDisplayList(Mars_Rock002DisplayList),
    gsSPPopMatrix(G_MTX_MODELVIEW),
    gsSPMatrix((Mtx*)MATRIX_TRANSFORM_SEGMENT_ADDRESS + 22, G_MTX_MODELVIEW | G_MTX_MUL | G_MTX_PUSH),
    gsSPDisplayList(Mars_Rock002DisplayList),
    gsSPPopMatrix(G_MTX_MODELVIEW),
    gsSPMatrix((Mtx*)MATRIX_TRANSFORM_SEGMENT_ADDRESS + 6, G_MTX_MODELVIEW | G_MTX_MUL | G_MTX_PUSH),
    gsSPDisplayList(Mars_Rock003DisplayList),
    gsSPPopMatrix(G_MTX_MODELVIEW),
    gsSPMatrix((Mtx*)MATRIX_TRANSFORM_SEGMENT_ADDRESS + 19, G_MTX_MODELVIEW | G_MTX_MUL | G_MTX_PUSH),
    gsSPDisplayList(Mars_Rock004DisplayList),
    gsSPPopMatrix(G_MTX_MODELVIEW),
    gsSPMatrix((Mtx*)MATRIX_TRANSFORM_SEGMENT_ADDRESS + 20, G_MTX_MODELVIEW | G_MTX_MUL | G_MTX_PUSH),
    gsSPDisplayList(Mars_Rock004DisplayList),
    gsSPPopMatrix(G_MTX_MODELVIEW),
    gsSPMatrix((Mtx*)MATRIX_TRANSFORM_SEGMENT_ADDRESS + 18, G_MTX_MODELVIEW | G_MTX_MUL | G_MTX_PUSH),
    gsSPDisplayList(Mars_Rock004DisplayList),
    gsSPPopMatrix(G_MTX_MODELVIEW),
    gsSPMatrix((Mtx*)MATRIX_TRANSFORM_SEGMENT_ADDRESS + 3, G_MTX_MODELVIEW | G_MTX_MUL | G_MTX_PUSH),
    gsSPDisplayList(Mars_Rock004DisplayList),
    gsSPPopMatrix(G_MTX_MODELVIEW),
    gsSPDisplayList(Mars_SetTextures1),
    gsSPMatrix((Mtx*)MATRIX_TRANSFORM_SEGMENT_ADDRESS + 7, G_MTX_MODELVIEW | G_MTX_MUL | G_MTX_PUSH),
    gsSPDisplayList(Mars_Broken_BaseDisplayList),
    gsSPPopMatrix(G_MTX_MODELVIEW),
    gsSPMatrix((Mtx*)MATRIX_TRANSFORM_SEGMENT_ADDRESS + 28, G_MTX_MODELVIEW | G_MTX_MUL | G_MTX_PUSH),
    gsSPDisplayList(Mars_ConsolesDisplayList),
    gsSPPopMatrix(G_MTX_MODELVIEW),
    gsSPMatrix((Mtx*)MATRIX_TRANSFORM_SEGMENT_ADDRESS + 29, G_MTX_MODELVIEW | G_MTX_MUL | G_MTX_PUSH),
    gsSPDisplayList(Mars_ConsolesDisplayList),
    gsSPPopMatrix(G_MTX_MODELVIEW),
    gsSPMatrix((Mtx*)MATRIX_TRANSFORM_SEGMENT_ADDRESS + 8, G_MTX_MODELVIEW | G_MTX_MUL | G_MTX_PUSH),
    gsSPDisplayList(Mars_ConsolesDisplayList),
    gsSPPopMatrix(G_MTX_MODELVIEW),
    gsSPMatrix((Mtx*)MATRIX_TRANSFORM_SEGMENT_ADDRESS + 0, G_MTX_MODELVIEW | G_MTX_MUL | G_MTX_PUSH),
    gsSPDisplayList(Mars_DishDisplayList),
    gsSPPopMatrix(G_MTX_MODELVIEW),
    gsSPMatrix((Mtx*)MATRIX_TRANSFORM_SEGMENT_ADDRESS + 2, G_MTX_MODELVIEW | G_MTX_MUL | G_MTX_PUSH),
    gsSPDisplayList(Mars_DishDisplayList),
    gsSPPopMatrix(G_MTX_MODELVIEW),
    gsSPMatrix((Mtx*)MATRIX_TRANSFORM_SEGMENT_ADDRESS + 1, G_MTX_MODELVIEW | G_MTX_MUL | G_MTX_PUSH),
    gsSPDisplayList(Mars_DishDisplayList),
    gsSPPopMatrix(G_MTX_MODELVIEW),
    gsSPMatrix((Mtx*)MATRIX_TRANSFORM_SEGMENT_ADDRESS + 24, G_MTX_MODELVIEW | G_MTX_MUL | G_MTX_PUSH),
    gsSPDisplayList(Mars_DishBaseDisplayList),
    gsSPPopMatrix(G_MTX_MODELVIEW),
    gsSPMatrix((Mtx*)MATRIX_TRANSFORM_SEGMENT_ADDRESS + 25, G_MTX_MODELVIEW | G_MTX_MUL | G_MTX_PUSH),
    gsSPDisplayList(Mars_DishBaseDisplayList),
    gsSPPopMatrix(G_MTX_MODELVIEW),
    gsSPMatrix((Mtx*)MATRIX_TRANSFORM_SEGMENT_ADDRESS + 9, G_MTX_MODELVIEW | G_MTX_MUL | G_MTX_PUSH),
    gsSPDisplayList(Mars_DishBaseDisplayList),
    gsSPPopMatrix(G_MTX_MODELVIEW),
    gsSPMatrix((Mtx*)MATRIX_TRANSFORM_SEGMENT_ADDRESS + 26, G_MTX_MODELVIEW | G_MTX_MUL | G_MTX_PUSH),
    gsSPDisplayList(Mars_SearchlightDisplayList),
    gsSPPopMatrix(G_MTX_MODELVIEW),
    gsSPMatrix((Mtx*)MATRIX_TRANSFORM_SEGMENT_ADDRESS + 27, G_MTX_MODELVIEW | G_MTX_MUL | G_MTX_PUSH),
    gsSPDisplayList(Mars_SearchlightDisplayList),
    gsSPPopMatrix(G_MTX_MODELVIEW),
    gsSPMatrix((Mtx*)MATRIX_TRANSFORM_SEGMENT_ADDRESS + 10, G_MTX_MODELVIEW | G_MTX_MUL | G_MTX_PUSH),
    gsSPDisplayList(Mars_SearchlightDisplayList),
    gsSPPopMatrix(G_MTX_MODELVIEW),
    gsSPEndDisplayList(),
};
struct BaseDefinition Sojourner_Bases[] = {
    {.position = {0, 6451.46}, .startingTeam = TEAM(0)},
    {.position = {568.046, -6639.03}, .startingTeam = TEAM(1)},
    {.position = {5786.97, 1222.49}, .startingTeam = TEAM(2)},
    {.position = {-5928.98, -775.731}, .startingTeam = TEAM(3)},
    {.position = {173.703, -4015.84}, .startingTeam = TEAM_NONE},
    {.position = {8441.54, -1763.28}, .startingTeam = TEAM_NONE},
    {.position = {-5447.21, 4530.79}, .startingTeam = TEAM_NONE},
    {.position = {246.101, 2434.68}, .startingTeam = TEAM_NONE},
    {.position = {-5199.97, -4293.01}, .startingTeam = TEAM_NONE},
    {.position = {5751.47, -5633.06}, .startingTeam = TEAM_NONE},
};

struct Vector2 Sojourner_StartingPositions[] = {
    {0, 6451.46},
    {568.046, -6639.03},
    {5786.97, 1222.49},
    {-5928.98, -775.731},
};

struct SceneBoundary Sojourner_Boundary[] = {
    {{-8977.65, 0}, {0.839589, 0.543223}, 9128.81},
    {{-4018.67, -7664.45}, {0.000518828, 1}, 8031.54},
    {{4012.87, -7668.61}, {-0.580253, 0.814436}, 6605.41},
    {{9392.56, -3835.8}, {-0.975371, -0.220571}, 6781.4},
    {{7896.78, 2778.57}, {-0.782651, -0.622461}, 6250.23},
    {{4006.25, 7670.32}, {-0.000675386, -1}, 8024.93},
    {{-4018.67, 7675.74}, {0.611224, -0.791458}, 6269.75},
    {{-8980.92, 3843.51}, {1, 0.000849899}, 3843.52},
};

struct DecorDefinition Sojourner_Decor[] = {
    {{4656.12, 61.3509, -3551.75}, {0, 0.997406, -5.96046e-08, -0.071985}, 1, DISH_DECOR_ID},
    {{4952.54, 61.3509, 3923.81}, {-2.68221e-07, 0.594649, 1.19209e-07, 0.803985}, 1, DISH_DECOR_ID},
    {{-4625.4, 61.3509, 3865.37}, {1.49012e-07, -0.0929204, 1.11759e-08, 0.995674}, 1, DISH_DECOR_ID},
    {{2164.31, 0, 3538.44}, {0, 0, 0, 1}, 1, ROCK004_DECOR_ID},
    {{106.5, 0, 1559.95}, {0, 0, 0, 1}, 1, ROCK002_DECOR_ID},
    {{-3816.57, 0, -7237.64}, {-7.45058e-09, 0.982335, -1.78814e-07, -0.18713}, 1.55909, ROCK001_DECOR_ID},
    {{-2654.83, 0, -194.476}, {0, 0, 0, 1}, 1, ROCK003_DECOR_ID},
    {{3430.01, 0, -146.137}, {0, 0, 0, 1}, 1.28005, BROKEN_BASE_DECOR_ID},
    {{-367.353, 0, -1733.04}, {0, 0.984561, 5.96046e-08, -0.175042}, 1, CONSOLES_DECOR_ID},
    {{3897.9, 0, -3330.26}, {0, 0, 0, 1}, 1, DISHBASE_DECOR_ID},
    {{3810.17, 0, -4933.59}, {8.9407e-08, 0.184693, -1.49012e-08, 0.982796}, 1, SEARCHLIGHT_DECOR_ID},
    {{4207.08, 0, -7237.64}, {0, 0.971355, 0, 0.237635}, 1.55909, ROCK001_DECOR_ID},
    {{8579.28, 0, -3714.13}, {5.96046e-08, 0.871726, -1.49012e-07, 0.489994}, 1.55909, ROCK001_DECOR_ID},
    {{7407.68, 0, 2250.35}, {-5.96046e-08, 0.484592, 4.47035e-08, 0.87474}, 1.55909, ROCK001_DECOR_ID},
    {{4212.43, 0, 6972.23}, {1.19209e-07, 0.168755, -1.49012e-08, 0.985658}, 1.55909, ROCK001_DECOR_ID},
    {{-3917.73, 0, 6972.23}, {5.96046e-08, -0.168756, 1.49012e-08, 0.985658}, 1.55909, ROCK001_DECOR_ID},
    {{-7787.54, 0, 1682.31}, {-4.17233e-07, -0.68377, -3.8743e-07, 0.729698}, 2.87474, ROCK001_DECOR_ID},
    {{1286.57, -60.0174, -3600}, {-0.0509718, 0.160512, -0.0286667, 0.9853}, 1, CRATE_DECOR_ID},
    {{-1632.53, 0, 3538.44}, {0, 0, 0, 1}, 1, ROCK004_DECOR_ID},
    {{-1632.53, 0, -5214}, {0, 0, 0, 1}, 1, ROCK004_DECOR_ID},
    {{1975.39, 0, -5321.32}, {0, 0, 0, 1}, 1, ROCK004_DECOR_ID},
    {{5678.48, 0, -1300}, {-2.98023e-08, -0.380628, 0, 0.924728}, 1, ROCK002_DECOR_ID},
    {{-4563.78, 0, -2531.68}, {-2.98023e-08, 0.946235, -5.96046e-08, -0.323481}, 1, ROCK002_DECOR_ID},
    {{106.5, 0, -3124.45}, {0, 0, 0, 1}, 1, ROCK002_DECOR_ID},
    {{4909.38, 0, 3143.3}, {-1.49012e-07, 0.781721, -1.49012e-07, -0.623628}, 1, DISHBASE_DECOR_ID},
    {{-4867.85, 0, 4244.57}, {-7.45058e-09, 0.989883, 1.19209e-07, 0.141883}, 1, DISHBASE_DECOR_ID},
    {{3810.17, 0, -298.494}, {0, -0.492851, 0, 0.870114}, 1, SEARCHLIGHT_DECOR_ID},
    {{-5040.89, 0, -101.255}, {0, -0.492851, 0, 0.870114}, 1, SEARCHLIGHT_DECOR_ID},
    {{-3621.78, 0, -4099.9}, {-2.08616e-07, -0.50092, -8.9407e-08, 0.865494}, 1, CONSOLES_DECOR_ID},
    {{-3763.83, 0, 2038.49}, {2.98023e-08, -0.302986, 1.49012e-08, 0.952995}, 1, CONSOLES_DECOR_ID},
    {{2240.05, -25.934, -3600}, {-0.00450647, 0.212756, -0.0206911, 0.976876}, 1, CRATE_DECOR_ID},
    {{2240.05, -46.9385, -2708.71}, {0.042565, 0.431392, 0.00561516, 0.901142}, 1, CRATE_DECOR_ID},
    {{1215.24, -90.5504, -2516.13}, {-0.121517, 0.499555, -0.202729, 0.833414}, 1, CRATE_DECOR_ID},
    {{1949.98, -60.2558, -3238.25}, {0.00435004, -0.37242, 0.0856065, 0.924097}, 1, CRATE_DECOR_ID},
    {{-850.609, -60.0174, 4216.32}, {-0.0509718, 0.160512, -0.0286667, 0.9853}, 1, CRATE_DECOR_ID},
    {{102.88, -25.934, 4216.32}, {-0.00450647, 0.212756, -0.0206911, 0.976876}, 1, CRATE_DECOR_ID},
    {{102.88, -46.9385, 5107.62}, {0.042565, 0.431392, 0.00561516, 0.901142}, 1, CRATE_DECOR_ID},
    {{-921.939, -90.5504, 5300.19}, {-0.121517, 0.499555, -0.202729, 0.833414}, 1, CRATE_DECOR_ID},
    {{-187.197, -60.2558, 4578.08}, {0.00435004, -0.37242, 0.0856065, 0.924097}, 1, CRATE_DECOR_ID},
};
struct Vector3 Sojourner_PathingNodes[] = {
    {45.0579, 0.0f, 6489.2},
    {-5417.02, 0.0f, 4536.1},
    {5801.38, 0.0f, 1269.89},
    {2073.57, 0.0f, 4971.96},
    {2807.42, 0.0f, 1913.93},
    {252.874, 0.0f, 2463.45},
    {-1921.84, 0.0f, 1593.56},
    {-4096.56, 0.0f, 723.679},
    {-5972.42, 0.0f, -804.598},
    {-5203.68, 0.0f, -4284.14},
    {-2765.98, 0.0f, -5720.46},
    {521.379, 0.0f, -6671.27},
    {-2523.22, 0.0f, -2564.6},
    {194.329, 0.0f, -281.992},
    {207.816, 0.0f, -4061.61},
    {3401.99, 0.0f, -4622.31},
    {5690.12, 0.0f, -5599.09},
    {6937.63, 0.0f, -2615.17},
    {8471.73, 0.0f, -1738.55},
    {3565.98, 0.0f, -1448.58},
    {2724.1, 0.0f, -6276.51},
};
char Sojourner_BasesPathNodes[] = {
    0,
    11,
    2,
    8,
    14,
    18,
    1,
    5,
    9,
    16,
};
unsigned short Sojourner_NodeDistances[] = {
    0, 5800, 7786, 2533, 8245, 5632, 7974, 9835, 12254, 15818, 17516, 18509, 14351, 10802, 17466, 14484, 16810, 13576, 11809, 11306, 16272, 
    5800, 0, 13587, 8333, 11332, 8719, 6376, 4034, 6454, 10017, 12847, 16069, 10326, 9204, 13440, 15950, 18438, 16340, 17610, 12772, 17737, 
    7786, 13587, 0, 5253, 3062, 5675, 8017, 10359, 12779, 13209, 13189, 10723, 10024, 6475, 9940, 6697, 9023, 5789, 4022, 3519, 8485, 
    2533, 8333, 5253, 0, 5712, 3099, 5441, 7784, 10203, 13767, 14983, 15976, 11818, 8269, 14932, 11951, 14277, 11043, 9276, 8773, 13738, 
    8245, 11332, 3062, 5712, 0, 2612, 4955, 7297, 9717, 10146, 10127, 12705, 6962, 3413, 10076, 9759, 12086, 8851, 7085, 6581, 11547, 
    5632, 8719, 5675, 3099, 2612, 0, 2342, 4684, 7104, 10667, 11884, 14461, 8718, 5169, 11833, 11915, 14403, 11464, 9698, 8737, 13703, 
    7974, 6376, 8017, 5441, 4955, 2342, 0, 2342, 4761, 8325, 9541, 12119, 6376, 2827, 9491, 9573, 12061, 9963, 11730, 6395, 11361, 
    9835, 4034, 10359, 7784, 7297, 4684, 2342, 0, 2419, 5983, 8812, 12034, 6291, 5169, 9406, 11915, 14403, 12305, 14072, 8737, 13703, 
    12254, 6454, 12779, 10203, 9717, 7104, 4761, 2419, 0, 3563, 6392, 9615, 3872, 7421, 6986, 10229, 12717, 14556, 16323, 10989, 11852, 
    15818, 10017, 13209, 13767, 10146, 10667, 8325, 5983, 3563, 0, 2829, 6251, 3184, 6733, 6299, 9542, 12029, 13869, 15636, 10301, 8489, 
    17516, 12847, 13189, 14983, 10127, 11884, 9541, 8812, 6392, 2829, 0, 3422, 3165, 6714, 6050, 7447, 9935, 13169, 14936, 10281, 5659, 
    18509, 16069, 10723, 15976, 12705, 14461, 12119, 12034, 9615, 6251, 3422, 0, 5742, 9291, 2628, 4025, 6513, 9747, 11514, 7203, 2237, 
    14351, 10326, 10024, 11818, 6962, 8718, 6376, 6291, 3872, 3184, 3165, 5742, 0, 3548, 3114, 6357, 8845, 10684, 12451, 7116, 7980, 
    10802, 9204, 6475, 8269, 3413, 5169, 2827, 5169, 7421, 6733, 6714, 9291, 3548, 0, 6663, 6745, 9233, 7135, 8902, 3567, 8533, 
    17466, 13440, 9940, 14932, 10076, 11833, 9491, 9406, 6986, 6299, 6050, 2628, 3114, 6663, 0, 3243, 5730, 8965, 10732, 6420, 4866, 
    14484, 15950, 6697, 11951, 9759, 11915, 9573, 11915, 10229, 9542, 7447, 4025, 6357, 6745, 3243, 0, 2487, 5722, 7488, 3177, 1787, 
    16810, 18438, 9023, 14277, 12086, 14403, 12061, 14403, 12717, 12029, 9935, 6513, 8845, 9233, 5730, 2487, 0, 3234, 5001, 5665, 4275, 
    13576, 16340, 5789, 11043, 8851, 11464, 9963, 12305, 14556, 13869, 13169, 9747, 10684, 7135, 8965, 5722, 3234, 0, 1766, 3567, 7509, 
    11809, 17610, 4022, 9276, 7085, 9698, 11730, 14072, 16323, 15636, 14936, 11514, 12451, 8902, 10732, 7488, 5001, 1766, 0, 5334, 9276, 
    11306, 12772, 3519, 8773, 6581, 8737, 6395, 8737, 10989, 10301, 10281, 7203, 7116, 3567, 6420, 3177, 5665, 3567, 5334, 0, 4965, 
    16272, 17737, 8485, 13738, 11547, 13703, 11361, 13703, 11852, 8489, 5659, 2237, 7980, 8533, 4866, 1787, 4275, 7509, 9276, 4965, 0, 
};
char Sojourner_NextNode[] = {
    0, 1, 3, 3, 3, 3, 3, 1, 1, 1, 3, 3, 3, 3, 3, 3, 3, 3, 3, 3, 3, 
    0, 1, 0, 0, 7, 7, 7, 7, 7, 7, 7, 7, 7, 7, 7, 7, 7, 7, 0, 7, 7, 
    3, 3, 2, 3, 4, 4, 4, 4, 4, 4, 4, 19, 4, 4, 19, 19, 18, 18, 18, 19, 19, 
    0, 0, 2, 3, 5, 5, 5, 5, 5, 5, 5, 2, 5, 5, 5, 2, 2, 2, 2, 2, 2, 
    5, 5, 2, 5, 4, 5, 5, 5, 5, 13, 13, 13, 13, 13, 13, 2, 2, 2, 2, 2, 2, 
    3, 6, 4, 3, 4, 5, 6, 6, 6, 6, 6, 6, 6, 6, 6, 6, 6, 4, 4, 6, 6, 
    5, 7, 5, 5, 5, 5, 6, 7, 7, 7, 13, 13, 13, 13, 13, 13, 13, 13, 13, 13, 13, 
    1, 1, 6, 6, 6, 6, 6, 7, 8, 8, 8, 8, 8, 6, 8, 6, 6, 6, 6, 6, 6, 
    7, 7, 7, 7, 7, 7, 7, 7, 8, 9, 9, 12, 12, 12, 12, 12, 12, 12, 12, 12, 12, 
    8, 8, 12, 8, 12, 8, 8, 8, 8, 9, 10, 10, 12, 12, 12, 12, 12, 12, 12, 12, 10, 
    12, 9, 12, 12, 12, 12, 12, 9, 9, 9, 10, 11, 12, 12, 11, 11, 11, 11, 11, 12, 11, 
    20, 14, 20, 20, 14, 14, 14, 14, 14, 10, 10, 11, 14, 14, 14, 20, 20, 20, 20, 20, 20, 
    13, 8, 13, 13, 13, 13, 13, 8, 8, 9, 10, 14, 12, 13, 14, 14, 14, 13, 13, 13, 14, 
    6, 6, 4, 6, 4, 6, 6, 6, 12, 12, 12, 12, 12, 13, 12, 19, 19, 19, 19, 19, 19, 
    12, 12, 15, 12, 12, 12, 12, 12, 12, 12, 11, 11, 12, 12, 14, 15, 15, 15, 15, 15, 11, 
    19, 19, 19, 19, 19, 19, 19, 19, 14, 14, 20, 20, 14, 19, 14, 15, 16, 16, 16, 19, 20, 
    17, 15, 17, 17, 17, 15, 15, 15, 15, 15, 15, 15, 15, 15, 15, 15, 16, 17, 17, 15, 15, 
    18, 19, 18, 18, 18, 18, 19, 19, 19, 19, 16, 16, 19, 19, 16, 16, 16, 17, 18, 19, 16, 
    2, 2, 2, 2, 2, 2, 17, 17, 17, 17, 17, 17, 17, 17, 17, 17, 17, 17, 18, 17, 17, 
    2, 13, 2, 2, 2, 13, 13, 13, 13, 13, 13, 15, 13, 13, 15, 15, 15, 17, 17, 19, 15, 
    15, 15, 15, 15, 15, 15, 15, 15, 11, 11, 11, 11, 11, 15, 11, 15, 15, 15, 15, 15, 20, 
};
struct LevelDefinition Sojourner_Definition = {
    .maxPlayerCount = 4,
    .playerStartLocations = Sojourner_StartingPositions,
    .baseCount = 10,
    .decorCount = 39,
    .song = SOUNDS_LEVELMUSIC_DANAIDES,
    .bases = Sojourner_Bases,
    .decor = Sojourner_Decor,
    .levelBoundaries = {{-8980.92, -7668.61}, {9392.56, 7675.74}},
    .sceneRender = Sojourner_model_gfx,
    .theme = &MarsTheme,
    .staticScene = {Sojourner_Boundary, 8},
    .pathfinding = {.nodeCount = 21, .baseNodes = Sojourner_BasesPathNodes, .nodeDistances = Sojourner_NodeDistances, .nodePositions = Sojourner_PathingNodes, .nextNode = Sojourner_NextNode},
    .aiDifficulty = 0.7,
};

