#include "level.h"
#include "../../level_themes/Mars/theme.h"
#include "sk64/skelatool_defs.h"
#include <ultra64.h>

Vtx Perseverance_Grid_001_color[] = {
    {{{-10104, 0, 2526}, 0, {-202, 7}, {203, 96, 95, 255}}},
    {{{-12059, 524, 2939}, 0, {-102, 549}, {203, 96, 95, 255}}},
    {{{-15100, 524, 7198}, 0, {559, 555}, {202, 93, 92, 255}}},
    {{{-13145, 0, 6372}, 0, {358, 5}, {202, 93, 92, 255}}},
    {{{-12059, 524, 2939}, 0, {-102, 549}, {203, 96, 95, 255}}},
    {{{-12059, 524, 0}, 0, {-764, 542}, {203, 98, 97, 255}}},
    {{{-14574, 524, 0}, 0, {-761, 991}, {203, 98, 97, 255}}},
    {{{-14574, 524, 3378}, 0, {-13, 1001}, {203, 96, 95, 255}}},
    {{{-3913, 0, 7057}, 0, {1178, -5}, {202, 93, 92, 255}}},
    {{{-4891, 524, 7883}, 0, {1280, 546}, {202, 93, 92, 255}}},
    {{{2276, 524, 9888}, 0, {2000, 536}, {202, 92, 91, 255}}},
    {{{2276, 0, 9062}, 0, {1999, -16}, {202, 92, 91, 255}}},
    {{{10969, 0, 2526}, 0, {-202, 7}, {203, 96, 95, 255}}},
    {{{11680, 0, 6714}, 0, {358, 5}, {202, 93, 92, 255}}},
    {{{13635, 524, 7540}, 0, {559, 555}, {202, 93, 92, 255}}},
    {{{12924, 524, 2939}, 0, {-102, 549}, {203, 96, 95, 255}}},
    {{{7481, 524, 8646}, 0, {1280, 546}, {202, 93, 92, 255}}},
    {{{2276, 524, 9888}, 0, {2000, 536}, {202, 92, 91, 255}}},
    {{{2276, 524, 10767}, 0, {2002, 996}, {202, 92, 91, 255}}},
    {{{8738, 524, 9525}, 0, {1368, 1004}, {202, 93, 92, 255}}},
    {{{6504, 0, 7820}, 0, {1178, -5}, {202, 93, 92, 255}}},
    {{{2276, 0, 9062}, 0, {1999, -16}, {202, 92, 91, 255}}},
    {{{2276, 524, 9888}, 0, {2000, 536}, {202, 92, 91, 255}}},
    {{{7481, 524, 8646}, 0, {1280, 546}, {202, 93, 92, 255}}},
    {{{-11663, 0, -4963}, 0, {-202, 7}, {203, 96, 95, 255}}},
    {{{-11663, 0, -7489}, 0, {358, 5}, {202, 93, 92, 255}}},
    {{{-13618, 524, -8315}, 0, {559, 555}, {202, 93, 92, 255}}},
    {{{-13618, 524, -5375}, 0, {-102, 549}, {203, 96, 95, 255}}},
    {{{-13618, 524, -8315}, 0, {559, 555}, {202, 93, 92, 255}}},
    {{{0, 524, -5878}, 0, {2000, 536}, {202, 92, 91, 255}}},
    {{{0, 524, -6757}, 0, {2002, 996}, {202, 92, 91, 255}}},
    {{{-16132, 524, -9194}, 0, {735, 1012}, {202, 93, 92, 255}}},
    {{{-11663, 0, -7489}, 0, {358, 5}, {202, 93, 92, 255}}},
    {{{0, 0, -5052}, 0, {1999, -16}, {202, 92, 91, 255}}},
    {{{0, 524, -5878}, 0, {2000, 536}, {202, 92, 91, 255}}},
    {{{-13618, 524, -8315}, 0, {559, 555}, {202, 93, 92, 255}}},
    {{{12495, 0, -4295}, 0, {-202, 7}, {203, 96, 95, 255}}},
    {{{14450, 524, -4708}, 0, {-102, 549}, {203, 96, 95, 255}}},
    {{{12059, 524, -8393}, 0, {559, 555}, {202, 93, 92, 255}}},
    {{{10104, 0, -7568}, 0, {358, 5}, {202, 93, 92, 255}}},
    {{{14450, 524, -4708}, 0, {-102, 549}, {203, 96, 95, 255}}},
    {{{14992, 524, 0}, 0, {-764, 542}, {203, 98, 97, 255}}},
    {{{17506, 524, 0}, 0, {-761, 991}, {203, 98, 97, 255}}},
    {{{16964, 524, -5147}, 0, {-13, 1001}, {203, 96, 95, 255}}},
    {{{5052, 0, -7568}, 0, {1178, -5}, {202, 93, 92, 255}}},
    {{{6029, 524, -8393}, 0, {1280, 546}, {202, 93, 92, 255}}},
    {{{0, 524, -5878}, 0, {2000, 536}, {202, 92, 91, 255}}},
    {{{0, 0, -5052}, 0, {1999, -16}, {202, 92, 91, 255}}},
    {{{-10365, 524, 10230}, 0, {919, 550}, {202, 93, 92, 255}}},
    {{{-15100, 524, 7198}, 0, {559, 555}, {202, 93, 92, 255}}},
    {{{-17614, 524, 8077}, 0, {735, 1012}, {202, 93, 92, 255}}},
    {{{-12251, 524, 11109}, 0, {1052, 1008}, {202, 93, 92, 255}}},
    {{{-13618, 524, -5375}, 0, {-102, 549}, {203, 96, 95, 255}}},
    {{{-16132, 524, -5815}, 0, {-13, 1001}, {203, 96, 95, 255}}},
    {{{6029, 524, -8393}, 0, {1280, 546}, {202, 93, 92, 255}}},
    {{{12059, 524, -8393}, 0, {559, 555}, {202, 93, 92, 255}}},
    {{{14574, 524, -9273}, 0, {735, 1012}, {202, 93, 92, 255}}},
    {{{7287, 524, -9273}, 0, {1368, 1004}, {202, 93, 92, 255}}},
    {{{12924, 524, 2939}, 0, {-102, 549}, {203, 96, 95, 255}}},
    {{{13635, 524, 7540}, 0, {559, 555}, {202, 93, 92, 255}}},
    {{{16150, 524, 8419}, 0, {735, 1012}, {202, 93, 92, 255}}},
    {{{15438, 524, 3378}, 0, {-13, 1001}, {203, 96, 95, 255}}},
    {{{13037, 0, 0}, 0, {-763, 8}, {203, 98, 97, 255}}},
    {{{14992, 524, 0}, 0, {-764, 542}, {203, 98, 97, 255}}},
    {{{14450, 524, -4708}, 0, {-102, 549}, {203, 96, 95, 255}}},
    {{{12495, 0, -4295}, 0, {-202, 7}, {203, 96, 95, 255}}},
    {{{13037, 0, 0}, 0, {-763, 8}, {203, 98, 97, 255}}},
    {{{10969, 0, 2526}, 0, {-202, 7}, {203, 96, 95, 255}}},
    {{{12924, 524, 2939}, 0, {-102, 549}, {203, 96, 95, 255}}},
    {{{14992, 524, 0}, 0, {-764, 542}, {203, 98, 97, 255}}},
    {{{10104, 0, -7568}, 0, {358, 5}, {202, 93, 92, 255}}},
    {{{12059, 524, -8393}, 0, {559, 555}, {202, 93, 92, 255}}},
    {{{6029, 524, -8393}, 0, {1280, 546}, {202, 93, 92, 255}}},
    {{{5052, 0, -7568}, 0, {1178, -5}, {202, 93, 92, 255}}},
    {{{11680, 0, 6714}, 0, {358, 5}, {202, 93, 92, 255}}},
    {{{6504, 0, 7820}, 0, {1178, -5}, {202, 93, 92, 255}}},
    {{{7481, 524, 8646}, 0, {1280, 546}, {202, 93, 92, 255}}},
    {{{13635, 524, 7540}, 0, {559, 555}, {202, 93, 92, 255}}},
    {{{-4891, 524, 7883}, 0, {1280, 546}, {202, 93, 92, 255}}},
    {{{-6148, 524, 8762}, 0, {1368, 1004}, {202, 93, 92, 255}}},
    {{{-8898, 0, 9404}, 0, {768, 0}, {202, 93, 92, 255}}},
    {{{-10365, 524, 10230}, 0, {919, 550}, {202, 93, 92, 255}}},
    {{{-4891, 524, 7883}, 0, {1280, 546}, {202, 93, 92, 255}}},
    {{{-3913, 0, 7057}, 0, {1178, -5}, {202, 93, 92, 255}}},
    {{{-10104, 0, 0}, 0, {-763, 8}, {203, 98, 97, 255}}},
    {{{-12059, 524, 0}, 0, {-764, 542}, {203, 98, 97, 255}}},
    {{{-12059, 524, 2939}, 0, {-102, 549}, {203, 96, 95, 255}}},
    {{{-10104, 0, 2526}, 0, {-202, 7}, {203, 96, 95, 255}}},
    {{{-10104, 0, 0}, 0, {-763, 8}, {203, 98, 97, 255}}},
    {{{-11663, 0, -4963}, 0, {-202, 7}, {203, 96, 95, 255}}},
    {{{-13618, 524, -5375}, 0, {-102, 549}, {203, 96, 95, 255}}},
    {{{-12059, 524, 0}, 0, {-764, 542}, {203, 98, 97, 255}}},
    {{{-13145, 0, 6372}, 0, {358, 5}, {202, 93, 92, 255}}},
    {{{-15100, 524, 7198}, 0, {559, 555}, {202, 93, 92, 255}}},
    {{{-10365, 524, 10230}, 0, {919, 550}, {202, 93, 92, 255}}},
    {{{-8898, 0, 9404}, 0, {768, 0}, {202, 93, 92, 255}}},
};


Vtx Perseverance_Grid_color[] = {
    {{{-6804, 0, 4476}, 0, {1671, -647}, {252, 233, 136, 255}}},
    {{{-13608, 0, 4476}, 0, {2830, -647}, {202, 93, 92, 255}}},
    {{{-13608, 0, 8953}, 0, {2830, -1806}, {202, 93, 92, 255}}},
    {{{-6804, 0, 8953}, 0, {1671, -1806}, {222, 161, 110, 255}}},
    {{{13608, 0, 4476}, 0, {-1806, -647}, {255, 240, 139, 255}}},
    {{{6804, 0, 4476}, 0, {-647, -647}, {216, 143, 106, 255}}},
    {{{6804, 0, 8953}, 0, {-647, -1806}, {246, 220, 132, 255}}},
    {{{13608, 0, 8953}, 0, {-1806, -1806}, {203, 101, 93, 255}}},
    {{{0, 0, 4476}, 0, {512, -647}, {202, 93, 92, 255}}},
    {{{0, 0, 8953}, 0, {512, -1806}, {207, 114, 97, 255}}},
    {{{13608, 0, -8953}, 0, {-1806, 2830}, {202, 93, 92, 255}}},
    {{{6804, 0, -8953}, 0, {-647, 2830}, {202, 93, 92, 255}}},
    {{{6804, 0, -4476}, 0, {-647, 1671}, {202, 93, 92, 255}}},
    {{{13608, 0, -4476}, 0, {-1806, 1671}, {202, 93, 92, 255}}},
    {{{6804, 0, 0}, 0, {-647, 511}, {202, 97, 92, 255}}},
    {{{13608, 0, 0}, 0, {-1806, 511}, {255, 240, 139, 255}}},
    {{{0, 0, -8953}, 0, {511, 2830}, {202, 93, 92, 255}}},
    {{{0, 0, -4476}, 0, {511, 1671}, {202, 93, 92, 255}}},
    {{{0, 0, 0}, 0, {512, 512}, {202, 93, 92, 255}}},
    {{{-6804, 0, -8953}, 0, {1671, 2830}, {202, 93, 92, 255}}},
    {{{-6804, 0, -4476}, 0, {1671, 1671}, {202, 93, 92, 255}}},
    {{{-6804, 0, 0}, 0, {1671, 512}, {202, 93, 92, 255}}},
    {{{-13608, 0, -8953}, 0, {2830, 2830}, {202, 93, 92, 255}}},
    {{{-13608, 0, -4476}, 0, {2830, 1671}, {202, 93, 92, 255}}},
    {{{-13608, 0, 0}, 0, {2830, 512}, {202, 93, 92, 255}}},
};


Gfx Perseverance_model_gfx[] = {
    // Material Rock
    gsSPDisplayList(Mars_Rock),
    // End Material Rock
    gsSPVertex(&Perseverance_Grid_001_color[0], 32, 0),
    gsSP2Triangles(0, 1, 2, 0, 0, 2, 3, 0),
    gsSP2Triangles(4, 5, 6, 0, 4, 6, 7, 0),
    gsSP2Triangles(8, 9, 10, 0, 8, 10, 11, 0),
    gsSP2Triangles(12, 13, 14, 0, 12, 14, 15, 0),
    gsSP2Triangles(16, 17, 18, 0, 16, 18, 19, 0),
    gsSP2Triangles(20, 21, 22, 0, 20, 22, 23, 0),
    gsSP2Triangles(24, 25, 26, 0, 24, 26, 27, 0),
    gsSP2Triangles(28, 29, 30, 0, 28, 30, 31, 0),
    gsSPVertex(&Perseverance_Grid_001_color[28], 1, 0),
    gsSPVertex(&Perseverance_Grid_001_color[31], 31, 1),
    gsSP2Triangles(2, 3, 4, 0, 2, 4, 5, 0),
    gsSP2Triangles(6, 7, 8, 0, 6, 8, 9, 0),
    gsSP2Triangles(10, 11, 12, 0, 10, 12, 13, 0),
    gsSP2Triangles(14, 15, 16, 0, 14, 16, 17, 0),
    gsSP2Triangles(18, 19, 20, 0, 18, 20, 21, 0),
    gsSP2Triangles(22, 0, 1, 0, 22, 1, 23, 0),
    gsSP2Triangles(24, 25, 26, 0, 24, 26, 27, 0),
    gsSP2Triangles(28, 29, 30, 0, 28, 30, 31, 0),
    gsSP2Triangles(25, 10, 13, 0, 25, 13, 26, 0),
    gsSPVertex(&Perseverance_Grid_001_color[16], 4, 0),
    gsSPVertex(&Perseverance_Grid_001_color[29], 2, 4),
    gsSPVertex(&Perseverance_Grid_001_color[41], 2, 6),
    gsSPVertex(&Perseverance_Grid_001_color[54], 1, 8),
    gsSPVertex(&Perseverance_Grid_001_color[57], 23, 9),
    gsSP2Triangles(14, 15, 16, 0, 14, 16, 17, 0),
    gsSP2Triangles(6, 10, 13, 0, 6, 13, 7, 0),
    gsSP2Triangles(18, 19, 20, 0, 18, 20, 21, 0),
    gsSP2Triangles(4, 8, 9, 0, 4, 9, 5, 0),
    gsSP2Triangles(22, 23, 24, 0, 22, 24, 25, 0),
    gsSP2Triangles(26, 27, 28, 0, 26, 28, 29, 0),
    gsSP2Triangles(11, 0, 3, 0, 11, 3, 12, 0),
    gsSP2Triangles(1, 30, 31, 0, 1, 31, 2, 0),
    gsSPVertex(&Perseverance_Grid_001_color[4], 4, 0),
    gsSPVertex(&Perseverance_Grid_001_color[48], 6, 4),
    gsSPVertex(&Perseverance_Grid_001_color[78], 18, 10),
    gsSP2Triangles(12, 13, 14, 0, 12, 14, 15, 0),
    gsSP2Triangles(5, 0, 3, 0, 5, 3, 6, 0),
    gsSP2Triangles(16, 17, 18, 0, 16, 18, 19, 0),
    gsSP2Triangles(1, 8, 9, 0, 1, 9, 2, 0),
    gsSP2Triangles(20, 21, 22, 0, 20, 22, 23, 0),
    gsSP2Triangles(24, 25, 26, 0, 24, 26, 27, 0),
    gsSP2Triangles(10, 4, 7, 0, 10, 7, 11, 0),
    // Material Ground
    gsSPDisplayList(Mars_Ground),
    // End Material Ground
    gsSPVertex(&Perseverance_Grid_color[0], 25, 0),
    gsSP2Triangles(0, 1, 2, 0, 0, 2, 3, 0),
    gsSP2Triangles(4, 5, 6, 0, 4, 6, 7, 0),
    gsSP2Triangles(5, 8, 9, 0, 5, 9, 6, 0),
    gsSP2Triangles(8, 0, 3, 0, 8, 3, 9, 0),
    gsSP2Triangles(10, 11, 12, 0, 10, 12, 13, 0),
    gsSP2Triangles(13, 12, 14, 0, 13, 14, 15, 0),
    gsSP2Triangles(15, 14, 5, 0, 15, 5, 4, 0),
    gsSP2Triangles(11, 16, 17, 0, 11, 17, 12, 0),
    gsSP2Triangles(12, 17, 18, 0, 12, 18, 14, 0),
    gsSP2Triangles(14, 18, 8, 0, 14, 8, 5, 0),
    gsSP2Triangles(16, 19, 20, 0, 16, 20, 17, 0),
    gsSP2Triangles(17, 20, 21, 0, 17, 21, 18, 0),
    gsSP2Triangles(18, 21, 0, 0, 18, 0, 8, 0),
    gsSP2Triangles(19, 22, 23, 0, 19, 23, 20, 0),
    gsSP2Triangles(20, 23, 24, 0, 20, 24, 21, 0),
    gsSP2Triangles(21, 24, 1, 0, 21, 1, 0, 0),
    // Begin decor
    gsSPDisplayList(Mars_Crate),
    gsSPMatrix((Mtx*)MATRIX_TRANSFORM_SEGMENT_ADDRESS + 39, G_MTX_MODELVIEW | G_MTX_MUL | G_MTX_PUSH),
    gsSPDisplayList(Mars_CrateDisplayList),
    gsSPPopMatrix(G_MTX_MODELVIEW),
    gsSPMatrix((Mtx*)MATRIX_TRANSFORM_SEGMENT_ADDRESS + 24, G_MTX_MODELVIEW | G_MTX_MUL | G_MTX_PUSH),
    gsSPDisplayList(Mars_CrateDisplayList),
    gsSPPopMatrix(G_MTX_MODELVIEW),
    gsSPMatrix((Mtx*)MATRIX_TRANSFORM_SEGMENT_ADDRESS + 23, G_MTX_MODELVIEW | G_MTX_MUL | G_MTX_PUSH),
    gsSPDisplayList(Mars_CrateDisplayList),
    gsSPPopMatrix(G_MTX_MODELVIEW),
    gsSPMatrix((Mtx*)MATRIX_TRANSFORM_SEGMENT_ADDRESS + 22, G_MTX_MODELVIEW | G_MTX_MUL | G_MTX_PUSH),
    gsSPDisplayList(Mars_CrateDisplayList),
    gsSPPopMatrix(G_MTX_MODELVIEW),
    gsSPMatrix((Mtx*)MATRIX_TRANSFORM_SEGMENT_ADDRESS + 21, G_MTX_MODELVIEW | G_MTX_MUL | G_MTX_PUSH),
    gsSPDisplayList(Mars_CrateDisplayList),
    gsSPPopMatrix(G_MTX_MODELVIEW),
    gsSPMatrix((Mtx*)MATRIX_TRANSFORM_SEGMENT_ADDRESS + 20, G_MTX_MODELVIEW | G_MTX_MUL | G_MTX_PUSH),
    gsSPDisplayList(Mars_CrateDisplayList),
    gsSPPopMatrix(G_MTX_MODELVIEW),
    gsSPMatrix((Mtx*)MATRIX_TRANSFORM_SEGMENT_ADDRESS + 19, G_MTX_MODELVIEW | G_MTX_MUL | G_MTX_PUSH),
    gsSPDisplayList(Mars_CrateDisplayList),
    gsSPPopMatrix(G_MTX_MODELVIEW),
    gsSPMatrix((Mtx*)MATRIX_TRANSFORM_SEGMENT_ADDRESS + 18, G_MTX_MODELVIEW | G_MTX_MUL | G_MTX_PUSH),
    gsSPDisplayList(Mars_CrateDisplayList),
    gsSPPopMatrix(G_MTX_MODELVIEW),
    gsSPMatrix((Mtx*)MATRIX_TRANSFORM_SEGMENT_ADDRESS + 17, G_MTX_MODELVIEW | G_MTX_MUL | G_MTX_PUSH),
    gsSPDisplayList(Mars_CrateDisplayList),
    gsSPPopMatrix(G_MTX_MODELVIEW),
    gsSPMatrix((Mtx*)MATRIX_TRANSFORM_SEGMENT_ADDRESS + 16, G_MTX_MODELVIEW | G_MTX_MUL | G_MTX_PUSH),
    gsSPDisplayList(Mars_CrateDisplayList),
    gsSPPopMatrix(G_MTX_MODELVIEW),
    gsSPMatrix((Mtx*)MATRIX_TRANSFORM_SEGMENT_ADDRESS + 15, G_MTX_MODELVIEW | G_MTX_MUL | G_MTX_PUSH),
    gsSPDisplayList(Mars_CrateDisplayList),
    gsSPPopMatrix(G_MTX_MODELVIEW),
    gsSPMatrix((Mtx*)MATRIX_TRANSFORM_SEGMENT_ADDRESS + 14, G_MTX_MODELVIEW | G_MTX_MUL | G_MTX_PUSH),
    gsSPDisplayList(Mars_CrateDisplayList),
    gsSPPopMatrix(G_MTX_MODELVIEW),
    gsSPMatrix((Mtx*)MATRIX_TRANSFORM_SEGMENT_ADDRESS + 27, G_MTX_MODELVIEW | G_MTX_MUL | G_MTX_PUSH),
    gsSPDisplayList(Mars_CrateDisplayList),
    gsSPPopMatrix(G_MTX_MODELVIEW),
    gsSPMatrix((Mtx*)MATRIX_TRANSFORM_SEGMENT_ADDRESS + 28, G_MTX_MODELVIEW | G_MTX_MUL | G_MTX_PUSH),
    gsSPDisplayList(Mars_CrateDisplayList),
    gsSPPopMatrix(G_MTX_MODELVIEW),
    gsSPMatrix((Mtx*)MATRIX_TRANSFORM_SEGMENT_ADDRESS + 29, G_MTX_MODELVIEW | G_MTX_MUL | G_MTX_PUSH),
    gsSPDisplayList(Mars_CrateDisplayList),
    gsSPPopMatrix(G_MTX_MODELVIEW),
    gsSPMatrix((Mtx*)MATRIX_TRANSFORM_SEGMENT_ADDRESS + 30, G_MTX_MODELVIEW | G_MTX_MUL | G_MTX_PUSH),
    gsSPDisplayList(Mars_CrateDisplayList),
    gsSPPopMatrix(G_MTX_MODELVIEW),
    gsSPMatrix((Mtx*)MATRIX_TRANSFORM_SEGMENT_ADDRESS + 31, G_MTX_MODELVIEW | G_MTX_MUL | G_MTX_PUSH),
    gsSPDisplayList(Mars_CrateDisplayList),
    gsSPPopMatrix(G_MTX_MODELVIEW),
    gsSPMatrix((Mtx*)MATRIX_TRANSFORM_SEGMENT_ADDRESS + 32, G_MTX_MODELVIEW | G_MTX_MUL | G_MTX_PUSH),
    gsSPDisplayList(Mars_CrateDisplayList),
    gsSPPopMatrix(G_MTX_MODELVIEW),
    gsSPMatrix((Mtx*)MATRIX_TRANSFORM_SEGMENT_ADDRESS + 34, G_MTX_MODELVIEW | G_MTX_MUL | G_MTX_PUSH),
    gsSPDisplayList(Mars_CrateDisplayList),
    gsSPPopMatrix(G_MTX_MODELVIEW),
    gsSPMatrix((Mtx*)MATRIX_TRANSFORM_SEGMENT_ADDRESS + 35, G_MTX_MODELVIEW | G_MTX_MUL | G_MTX_PUSH),
    gsSPDisplayList(Mars_CrateDisplayList),
    gsSPPopMatrix(G_MTX_MODELVIEW),
    gsSPMatrix((Mtx*)MATRIX_TRANSFORM_SEGMENT_ADDRESS + 36, G_MTX_MODELVIEW | G_MTX_MUL | G_MTX_PUSH),
    gsSPDisplayList(Mars_CrateDisplayList),
    gsSPPopMatrix(G_MTX_MODELVIEW),
    gsSPMatrix((Mtx*)MATRIX_TRANSFORM_SEGMENT_ADDRESS + 37, G_MTX_MODELVIEW | G_MTX_MUL | G_MTX_PUSH),
    gsSPDisplayList(Mars_CrateDisplayList),
    gsSPPopMatrix(G_MTX_MODELVIEW),
    gsSPMatrix((Mtx*)MATRIX_TRANSFORM_SEGMENT_ADDRESS + 38, G_MTX_MODELVIEW | G_MTX_MUL | G_MTX_PUSH),
    gsSPDisplayList(Mars_CrateDisplayList),
    gsSPPopMatrix(G_MTX_MODELVIEW),
    gsSPMatrix((Mtx*)MATRIX_TRANSFORM_SEGMENT_ADDRESS + 2, G_MTX_MODELVIEW | G_MTX_MUL | G_MTX_PUSH),
    gsSPDisplayList(Mars_CrateDisplayList),
    gsSPPopMatrix(G_MTX_MODELVIEW),
    gsSPDisplayList(Mars_Metal),
    gsSPMatrix((Mtx*)MATRIX_TRANSFORM_SEGMENT_ADDRESS + 0, G_MTX_MODELVIEW | G_MTX_MUL | G_MTX_PUSH),
    gsSPDisplayList(Mars_Broken_BaseDisplayList),
    gsSPPopMatrix(G_MTX_MODELVIEW),
    gsSPMatrix((Mtx*)MATRIX_TRANSFORM_SEGMENT_ADDRESS + 26, G_MTX_MODELVIEW | G_MTX_MUL | G_MTX_PUSH),
    gsSPDisplayList(Mars_Broken_BaseDisplayList),
    gsSPPopMatrix(G_MTX_MODELVIEW),
    gsSPMatrix((Mtx*)MATRIX_TRANSFORM_SEGMENT_ADDRESS + 13, G_MTX_MODELVIEW | G_MTX_MUL | G_MTX_PUSH),
    gsSPDisplayList(Mars_Broken_BaseDisplayList),
    gsSPPopMatrix(G_MTX_MODELVIEW),
    gsSPMatrix((Mtx*)MATRIX_TRANSFORM_SEGMENT_ADDRESS + 6, G_MTX_MODELVIEW | G_MTX_MUL | G_MTX_PUSH),
    gsSPDisplayList(Mars_Broken_BaseDisplayList),
    gsSPPopMatrix(G_MTX_MODELVIEW),
    gsSPDisplayList(Mars_Rock),
    gsSPMatrix((Mtx*)MATRIX_TRANSFORM_SEGMENT_ADDRESS + 47, G_MTX_MODELVIEW | G_MTX_MUL | G_MTX_PUSH),
    gsSPDisplayList(Mars_Rock002DisplayList),
    gsSPPopMatrix(G_MTX_MODELVIEW),
    gsSPMatrix((Mtx*)MATRIX_TRANSFORM_SEGMENT_ADDRESS + 48, G_MTX_MODELVIEW | G_MTX_MUL | G_MTX_PUSH),
    gsSPDisplayList(Mars_Rock002DisplayList),
    gsSPPopMatrix(G_MTX_MODELVIEW),
    gsSPMatrix((Mtx*)MATRIX_TRANSFORM_SEGMENT_ADDRESS + 49, G_MTX_MODELVIEW | G_MTX_MUL | G_MTX_PUSH),
    gsSPDisplayList(Mars_Rock002DisplayList),
    gsSPPopMatrix(G_MTX_MODELVIEW),
    gsSPMatrix((Mtx*)MATRIX_TRANSFORM_SEGMENT_ADDRESS + 55, G_MTX_MODELVIEW | G_MTX_MUL | G_MTX_PUSH),
    gsSPDisplayList(Mars_Rock002DisplayList),
    gsSPPopMatrix(G_MTX_MODELVIEW),
    gsSPMatrix((Mtx*)MATRIX_TRANSFORM_SEGMENT_ADDRESS + 58, G_MTX_MODELVIEW | G_MTX_MUL | G_MTX_PUSH),
    gsSPDisplayList(Mars_Rock002DisplayList),
    gsSPPopMatrix(G_MTX_MODELVIEW),
    gsSPMatrix((Mtx*)MATRIX_TRANSFORM_SEGMENT_ADDRESS + 61, G_MTX_MODELVIEW | G_MTX_MUL | G_MTX_PUSH),
    gsSPDisplayList(Mars_Rock002DisplayList),
    gsSPPopMatrix(G_MTX_MODELVIEW),
    gsSPMatrix((Mtx*)MATRIX_TRANSFORM_SEGMENT_ADDRESS + 46, G_MTX_MODELVIEW | G_MTX_MUL | G_MTX_PUSH),
    gsSPDisplayList(Mars_Rock002DisplayList),
    gsSPPopMatrix(G_MTX_MODELVIEW),
    gsSPMatrix((Mtx*)MATRIX_TRANSFORM_SEGMENT_ADDRESS + 66, G_MTX_MODELVIEW | G_MTX_MUL | G_MTX_PUSH),
    gsSPDisplayList(Mars_Rock002DisplayList),
    gsSPPopMatrix(G_MTX_MODELVIEW),
    gsSPMatrix((Mtx*)MATRIX_TRANSFORM_SEGMENT_ADDRESS + 69, G_MTX_MODELVIEW | G_MTX_MUL | G_MTX_PUSH),
    gsSPDisplayList(Mars_Rock002DisplayList),
    gsSPPopMatrix(G_MTX_MODELVIEW),
    gsSPMatrix((Mtx*)MATRIX_TRANSFORM_SEGMENT_ADDRESS + 72, G_MTX_MODELVIEW | G_MTX_MUL | G_MTX_PUSH),
    gsSPDisplayList(Mars_Rock002DisplayList),
    gsSPPopMatrix(G_MTX_MODELVIEW),
    gsSPMatrix((Mtx*)MATRIX_TRANSFORM_SEGMENT_ADDRESS + 73, G_MTX_MODELVIEW | G_MTX_MUL | G_MTX_PUSH),
    gsSPDisplayList(Mars_Rock002DisplayList),
    gsSPPopMatrix(G_MTX_MODELVIEW),
    gsSPMatrix((Mtx*)MATRIX_TRANSFORM_SEGMENT_ADDRESS + 74, G_MTX_MODELVIEW | G_MTX_MUL | G_MTX_PUSH),
    gsSPDisplayList(Mars_Rock002DisplayList),
    gsSPPopMatrix(G_MTX_MODELVIEW),
    gsSPMatrix((Mtx*)MATRIX_TRANSFORM_SEGMENT_ADDRESS + 45, G_MTX_MODELVIEW | G_MTX_MUL | G_MTX_PUSH),
    gsSPDisplayList(Mars_Rock002DisplayList),
    gsSPPopMatrix(G_MTX_MODELVIEW),
    gsSPMatrix((Mtx*)MATRIX_TRANSFORM_SEGMENT_ADDRESS + 42, G_MTX_MODELVIEW | G_MTX_MUL | G_MTX_PUSH),
    gsSPDisplayList(Mars_Rock002DisplayList),
    gsSPPopMatrix(G_MTX_MODELVIEW),
    gsSPMatrix((Mtx*)MATRIX_TRANSFORM_SEGMENT_ADDRESS + 43, G_MTX_MODELVIEW | G_MTX_MUL | G_MTX_PUSH),
    gsSPDisplayList(Mars_Rock003DisplayList),
    gsSPPopMatrix(G_MTX_MODELVIEW),
    gsSPMatrix((Mtx*)MATRIX_TRANSFORM_SEGMENT_ADDRESS + 65, G_MTX_MODELVIEW | G_MTX_MUL | G_MTX_PUSH),
    gsSPDisplayList(Mars_Rock003DisplayList),
    gsSPPopMatrix(G_MTX_MODELVIEW),
    gsSPMatrix((Mtx*)MATRIX_TRANSFORM_SEGMENT_ADDRESS + 64, G_MTX_MODELVIEW | G_MTX_MUL | G_MTX_PUSH),
    gsSPDisplayList(Mars_Rock003DisplayList),
    gsSPPopMatrix(G_MTX_MODELVIEW),
    gsSPMatrix((Mtx*)MATRIX_TRANSFORM_SEGMENT_ADDRESS + 62, G_MTX_MODELVIEW | G_MTX_MUL | G_MTX_PUSH),
    gsSPDisplayList(Mars_Rock004DisplayList),
    gsSPPopMatrix(G_MTX_MODELVIEW),
    gsSPMatrix((Mtx*)MATRIX_TRANSFORM_SEGMENT_ADDRESS + 60, G_MTX_MODELVIEW | G_MTX_MUL | G_MTX_PUSH),
    gsSPDisplayList(Mars_Rock004DisplayList),
    gsSPPopMatrix(G_MTX_MODELVIEW),
    gsSPMatrix((Mtx*)MATRIX_TRANSFORM_SEGMENT_ADDRESS + 59, G_MTX_MODELVIEW | G_MTX_MUL | G_MTX_PUSH),
    gsSPDisplayList(Mars_Rock004DisplayList),
    gsSPPopMatrix(G_MTX_MODELVIEW),
    gsSPMatrix((Mtx*)MATRIX_TRANSFORM_SEGMENT_ADDRESS + 63, G_MTX_MODELVIEW | G_MTX_MUL | G_MTX_PUSH),
    gsSPDisplayList(Mars_Rock004DisplayList),
    gsSPPopMatrix(G_MTX_MODELVIEW),
    gsSPMatrix((Mtx*)MATRIX_TRANSFORM_SEGMENT_ADDRESS + 57, G_MTX_MODELVIEW | G_MTX_MUL | G_MTX_PUSH),
    gsSPDisplayList(Mars_Rock004DisplayList),
    gsSPPopMatrix(G_MTX_MODELVIEW),
    gsSPMatrix((Mtx*)MATRIX_TRANSFORM_SEGMENT_ADDRESS + 56, G_MTX_MODELVIEW | G_MTX_MUL | G_MTX_PUSH),
    gsSPDisplayList(Mars_Rock004DisplayList),
    gsSPPopMatrix(G_MTX_MODELVIEW),
    gsSPMatrix((Mtx*)MATRIX_TRANSFORM_SEGMENT_ADDRESS + 54, G_MTX_MODELVIEW | G_MTX_MUL | G_MTX_PUSH),
    gsSPDisplayList(Mars_Rock004DisplayList),
    gsSPPopMatrix(G_MTX_MODELVIEW),
    gsSPMatrix((Mtx*)MATRIX_TRANSFORM_SEGMENT_ADDRESS + 53, G_MTX_MODELVIEW | G_MTX_MUL | G_MTX_PUSH),
    gsSPDisplayList(Mars_Rock004DisplayList),
    gsSPPopMatrix(G_MTX_MODELVIEW),
    gsSPMatrix((Mtx*)MATRIX_TRANSFORM_SEGMENT_ADDRESS + 52, G_MTX_MODELVIEW | G_MTX_MUL | G_MTX_PUSH),
    gsSPDisplayList(Mars_Rock004DisplayList),
    gsSPPopMatrix(G_MTX_MODELVIEW),
    gsSPMatrix((Mtx*)MATRIX_TRANSFORM_SEGMENT_ADDRESS + 51, G_MTX_MODELVIEW | G_MTX_MUL | G_MTX_PUSH),
    gsSPDisplayList(Mars_Rock004DisplayList),
    gsSPPopMatrix(G_MTX_MODELVIEW),
    gsSPMatrix((Mtx*)MATRIX_TRANSFORM_SEGMENT_ADDRESS + 50, G_MTX_MODELVIEW | G_MTX_MUL | G_MTX_PUSH),
    gsSPDisplayList(Mars_Rock004DisplayList),
    gsSPPopMatrix(G_MTX_MODELVIEW),
    gsSPMatrix((Mtx*)MATRIX_TRANSFORM_SEGMENT_ADDRESS + 67, G_MTX_MODELVIEW | G_MTX_MUL | G_MTX_PUSH),
    gsSPDisplayList(Mars_Rock004DisplayList),
    gsSPPopMatrix(G_MTX_MODELVIEW),
    gsSPMatrix((Mtx*)MATRIX_TRANSFORM_SEGMENT_ADDRESS + 68, G_MTX_MODELVIEW | G_MTX_MUL | G_MTX_PUSH),
    gsSPDisplayList(Mars_Rock004DisplayList),
    gsSPPopMatrix(G_MTX_MODELVIEW),
    gsSPMatrix((Mtx*)MATRIX_TRANSFORM_SEGMENT_ADDRESS + 70, G_MTX_MODELVIEW | G_MTX_MUL | G_MTX_PUSH),
    gsSPDisplayList(Mars_Rock004DisplayList),
    gsSPPopMatrix(G_MTX_MODELVIEW),
    gsSPMatrix((Mtx*)MATRIX_TRANSFORM_SEGMENT_ADDRESS + 71, G_MTX_MODELVIEW | G_MTX_MUL | G_MTX_PUSH),
    gsSPDisplayList(Mars_Rock004DisplayList),
    gsSPPopMatrix(G_MTX_MODELVIEW),
    gsSPMatrix((Mtx*)MATRIX_TRANSFORM_SEGMENT_ADDRESS + 44, G_MTX_MODELVIEW | G_MTX_MUL | G_MTX_PUSH),
    gsSPDisplayList(Mars_Rock004DisplayList),
    gsSPPopMatrix(G_MTX_MODELVIEW),
    gsSPDisplayList(Mars_SetTextures1),
    gsSPMatrix((Mtx*)MATRIX_TRANSFORM_SEGMENT_ADDRESS + 1, G_MTX_MODELVIEW | G_MTX_MUL | G_MTX_PUSH),
    gsSPDisplayList(Mars_ConsolesDisplayList),
    gsSPPopMatrix(G_MTX_MODELVIEW),
    gsSPMatrix((Mtx*)MATRIX_TRANSFORM_SEGMENT_ADDRESS + 11, G_MTX_MODELVIEW | G_MTX_MUL | G_MTX_PUSH),
    gsSPDisplayList(Mars_ConsolesDisplayList),
    gsSPPopMatrix(G_MTX_MODELVIEW),
    gsSPMatrix((Mtx*)MATRIX_TRANSFORM_SEGMENT_ADDRESS + 12, G_MTX_MODELVIEW | G_MTX_MUL | G_MTX_PUSH),
    gsSPDisplayList(Mars_ConsolesDisplayList),
    gsSPPopMatrix(G_MTX_MODELVIEW),
    gsSPMatrix((Mtx*)MATRIX_TRANSFORM_SEGMENT_ADDRESS + 40, G_MTX_MODELVIEW | G_MTX_MUL | G_MTX_PUSH),
    gsSPDisplayList(Mars_ConsolesDisplayList),
    gsSPPopMatrix(G_MTX_MODELVIEW),
    gsSPMatrix((Mtx*)MATRIX_TRANSFORM_SEGMENT_ADDRESS + 9, G_MTX_MODELVIEW | G_MTX_MUL | G_MTX_PUSH),
    gsSPDisplayList(Mars_DishDisplayList),
    gsSPPopMatrix(G_MTX_MODELVIEW),
    gsSPMatrix((Mtx*)MATRIX_TRANSFORM_SEGMENT_ADDRESS + 10, G_MTX_MODELVIEW | G_MTX_MUL | G_MTX_PUSH),
    gsSPDisplayList(Mars_DishDisplayList),
    gsSPPopMatrix(G_MTX_MODELVIEW),
    gsSPMatrix((Mtx*)MATRIX_TRANSFORM_SEGMENT_ADDRESS + 25, G_MTX_MODELVIEW | G_MTX_MUL | G_MTX_PUSH),
    gsSPDisplayList(Mars_DishDisplayList),
    gsSPPopMatrix(G_MTX_MODELVIEW),
    gsSPMatrix((Mtx*)MATRIX_TRANSFORM_SEGMENT_ADDRESS + 33, G_MTX_MODELVIEW | G_MTX_MUL | G_MTX_PUSH),
    gsSPDisplayList(Mars_DishDisplayList),
    gsSPPopMatrix(G_MTX_MODELVIEW),
    gsSPMatrix((Mtx*)MATRIX_TRANSFORM_SEGMENT_ADDRESS + 3, G_MTX_MODELVIEW | G_MTX_MUL | G_MTX_PUSH),
    gsSPDisplayList(Mars_DishDisplayList),
    gsSPPopMatrix(G_MTX_MODELVIEW),
    gsSPMatrix((Mtx*)MATRIX_TRANSFORM_SEGMENT_ADDRESS + 4, G_MTX_MODELVIEW | G_MTX_MUL | G_MTX_PUSH),
    gsSPDisplayList(Mars_DishBaseDisplayList),
    gsSPPopMatrix(G_MTX_MODELVIEW),
    gsSPMatrix((Mtx*)MATRIX_TRANSFORM_SEGMENT_ADDRESS + 8, G_MTX_MODELVIEW | G_MTX_MUL | G_MTX_PUSH),
    gsSPDisplayList(Mars_SearchlightDisplayList),
    gsSPPopMatrix(G_MTX_MODELVIEW),
    gsSPMatrix((Mtx*)MATRIX_TRANSFORM_SEGMENT_ADDRESS + 7, G_MTX_MODELVIEW | G_MTX_MUL | G_MTX_PUSH),
    gsSPDisplayList(Mars_SearchlightDisplayList),
    gsSPPopMatrix(G_MTX_MODELVIEW),
    gsSPMatrix((Mtx*)MATRIX_TRANSFORM_SEGMENT_ADDRESS + 5, G_MTX_MODELVIEW | G_MTX_MUL | G_MTX_PUSH),
    gsSPDisplayList(Mars_SearchlightDisplayList),
    gsSPPopMatrix(G_MTX_MODELVIEW),
    gsSPMatrix((Mtx*)MATRIX_TRANSFORM_SEGMENT_ADDRESS + 41, G_MTX_MODELVIEW | G_MTX_MUL | G_MTX_PUSH),
    gsSPDisplayList(Mars_SearchlightDisplayList),
    gsSPPopMatrix(G_MTX_MODELVIEW),
    gsSPEndDisplayList(),
};
struct BaseDefinition Perseverance_Bases[] = {
    {.position = {-8668.18, -1588.79}, .startingTeam = TEAM(0)},
    {.position = {8229.9, 2580.98}, .startingTeam = TEAM(1)},
    {.position = {7548.14, -353.115}, .startingTeam = TEAM(2)},
    {.position = {-8376, 1028.65}, .startingTeam = TEAM(3)},
    {.position = {-3388, -243.488}, .startingTeam = TEAM_NONE},
    {.position = {-6409.62, -5948.93}, .startingTeam = TEAM_NONE},
    {.position = {-5739.96, 5078.56}, .startingTeam = TEAM_NONE},
    {.position = {4725.51, -2266.23}, .startingTeam = TEAM_NONE},
    {.position = {5129.15, 4524.07}, .startingTeam = TEAM_NONE},
    {.position = {1568.57, -1758.73}, .startingTeam = TEAM_NONE},
    {.position = {382.458, 7310.29}, .startingTeam = TEAM_NONE},
    {.position = {128.463, -3486.28}, .startingTeam = TEAM_NONE},
    {.position = {-10772, -3753.5}, .startingTeam = TEAM_NONE},
    {.position = {-10244.7, 4629.35}, .startingTeam = TEAM_NONE},
    {.position = {6805.24, -5587.71}, .startingTeam = TEAM_NONE},
    {.position = {-3206.54, 3236.43}, .startingTeam = TEAM_NONE},
};

struct Vector2 Perseverance_StartingPositions[] = {
    {-8668.18, -1588.79},
    {8229.9, 2580.98},
    {7548.14, -353.115},
    {-8376, 1028.65},
};

struct SceneBoundary Perseverance_Boundary[] = {
    {{-10203, 0}, {0.954482, -0.29827}, 5225.59},
    {{-11761.7, -4987.73}, {1, 0}, 2551.13},
    {{-11761.7, -7538.86}, {-0.202858, 0.979208}, 12011.4},
    {{0, -5102.26}, {0.442205, 0.896914}, 5687.84},
    {{5101.51, -7617.45}, {-0, 1}, 5101.51},
    {{10203, -7617.45}, {-0.809627, 0.586945}, 4072.94},
    {{12593.6, -4319.89}, {-0.992211, 0.124564}, 4353.8},
    {{13135.9, 0}, {-0.776804, -0.629743}, 3284.14},
    {{11067.8, 2551.13}, {-0.986046, 0.166471}, 4272.37},
    {{11779, 6763.89}, {-0.207021, -0.978336}, 5341.24},
    {{6553.46, 7869.64}, {-0.278896, -0.960321}, 4453.23},
    {{2276.93, 9111.63}, {0.305868, -0.952074}, 6554.08},
    {{-3963.04, 7106.94}, {-0.424236, -0.905552}, 5532.38},
    {{-8972.9, 9453.98}, {0.57887, -0.81542}, 5237.55},
    {{-13243.7, 6422.12}, {0.786398, 0.61772}, 4922.43},
    {{-10203, 2551.13}, {1, 0}, 2551.13},
};

struct DecorDefinition Perseverance_Decor[] = {
    {{7396.89, 0, -2694.8}, {0, 0, 0, 1}, 1, BROKEN_BASE_DECOR_ID},
    {{-9430.03, 0, -3700.33}, {-1.19209e-07, -0.484823, -4.47035e-08, 0.874612}, 1, CONSOLES_DECOR_ID},
    {{-1529.01, -25.934, -3425.51}, {-8.9407e-08, 1.86265e-09, -0.0211762, 0.999776}, 1, CRATE_DECOR_ID},
    {{5245.3, -15.7789, -4001.32}, {0.424759, -0.209053, 0.187961, 0.860551}, 1, DISH_DECOR_ID},
    {{-1342.67, 0, -1434.45}, {0, 0, 0, 1}, 1, DISHBASE_DECOR_ID},
    {{8375.79, 0, -4440}, {8.9407e-08, 0.184693, -1.49012e-08, 0.982796}, 1, SEARCHLIGHT_DECOR_ID},
    {{9356.94, 0, -3600.88}, {0, -0.520154, -2.98023e-08, 0.854072}, 1, BROKEN_BASE_DECOR_ID},
    {{-1065.42, 0, -1002.06}, {8.9407e-08, 0.184693, -1.49012e-08, 0.982796}, 1, SEARCHLIGHT_DECOR_ID},
    {{1438.13, 0, -1002.06}, {8.9407e-08, -0.184693, 1.49012e-08, 0.982796}, 1, SEARCHLIGHT_DECOR_ID},
    {{5692.58, -15.7789, 3104.74}, {0.430958, 0.47085, -0.173277, 0.750034}, 1, DISH_DECOR_ID},
    {{-3838.68, -15.7789, 3104.74}, {0.430958, -0.47085, 0.173277, 0.750034}, 1, DISH_DECOR_ID},
    {{-4366.12, 0, -3700.33}, {-5.96046e-08, 0.484823, 0, 0.874612}, 1, CONSOLES_DECOR_ID},
    {{-7181.8, 0, 5489.72}, {-5.96046e-08, -0.484823, 0, 0.874612}, 1, CONSOLES_DECOR_ID},
    {{7965.74, 0, 4828.06}, {0, -0.520154, -2.98023e-08, 0.854072}, 1, BROKEN_BASE_DECOR_ID},
    {{-1173.04, -25.934, -3713.03}, {0.00724673, -0.342137, -0.0198976, 0.939411}, 1, CRATE_DECOR_ID},
    {{-1867.87, -25.934, -3713.03}, {-0.00960571, 0.453513, -0.0188722, 0.890998}, 1, CRATE_DECOR_ID},
    {{-1566.14, -25.934, -4135.7}, {-0.0190517, 0.899473, 0.00924465, -0.436462}, 1, CRATE_DECOR_ID},
    {{-1560.58, -25.934, -3678.15}, {-0.021065, 0.994528, 0.00216678, -0.102297}, 1, CRATE_DECOR_ID},
    {{-1130.6, -25.934, -4223.96}, {0.0127851, -0.603623, -0.0168811, 0.796989}, 1, CRATE_DECOR_ID},
    {{-2388.95, -25.934, 4250.92}, {-8.9407e-08, 1.86265e-09, -0.0211762, 0.999776}, 1, CRATE_DECOR_ID},
    {{-2032.97, -25.934, 3963.4}, {0.00724673, -0.342137, -0.0198976, 0.939411}, 1, CRATE_DECOR_ID},
    {{-2727.81, -25.934, 3963.4}, {-0.00960571, 0.453513, -0.0188722, 0.890998}, 1, CRATE_DECOR_ID},
    {{-2426.08, -25.934, 3540.73}, {-0.0190517, 0.899473, 0.00924465, -0.436462}, 1, CRATE_DECOR_ID},
    {{-2420.51, -25.934, 3998.28}, {-0.021065, 0.994528, 0.00216678, -0.102297}, 1, CRATE_DECOR_ID},
    {{-1990.53, -25.934, 3452.48}, {0.0127851, -0.603623, -0.0168811, 0.796989}, 1, CRATE_DECOR_ID},
    {{-11106.7, -15.7789, 6267.67}, {0.316706, 0.744624, -0.339775, 0.479359}, 1, DISH_DECOR_ID},
    {{-9243.99, 0, 5267.52}, {0, -0.108586, -3.72529e-09, 0.994087}, 1, BROKEN_BASE_DECOR_ID},
    {{-10608.7, -25.934, -4602.12}, {-8.9407e-08, 1.86265e-09, -0.0211762, 0.999776}, 1, CRATE_DECOR_ID},
    {{-10252.7, -25.934, -4889.64}, {0.00724673, -0.342137, -0.0198976, 0.939411}, 1, CRATE_DECOR_ID},
    {{-10947.6, -25.934, -4889.64}, {-0.00960571, 0.453513, -0.0188722, 0.890998}, 1, CRATE_DECOR_ID},
    {{-10645.8, -25.934, -5312.31}, {-0.0190517, 0.899473, 0.00924465, -0.436462}, 1, CRATE_DECOR_ID},
    {{-10640.3, -25.934, -4854.76}, {-0.021065, 0.994528, 0.00216678, -0.102297}, 1, CRATE_DECOR_ID},
    {{-10210.3, -25.934, -5400.56}, {0.0127851, -0.603623, -0.0168811, 0.796989}, 1, CRATE_DECOR_ID},
    {{-9046.74, -15.7789, -6282.43}, {0.424759, -0.209053, 0.187961, 0.860551}, 1, DISH_DECOR_ID},
    {{9398.36, -25.934, -4637.24}, {-8.9407e-08, 1.86265e-09, -0.0211762, 0.999776}, 1, CRATE_DECOR_ID},
    {{9754.33, -25.934, -4924.75}, {0.00724673, -0.342137, -0.0198976, 0.939411}, 1, CRATE_DECOR_ID},
    {{9059.5, -25.934, -4924.75}, {-0.00960571, 0.453513, -0.0188722, 0.890998}, 1, CRATE_DECOR_ID},
    {{9361.23, -25.934, -5347.43}, {-0.0190517, 0.899473, 0.00924465, -0.436462}, 1, CRATE_DECOR_ID},
    {{9366.79, -25.934, -4889.88}, {-0.021065, 0.994528, 0.00216678, -0.102297}, 1, CRATE_DECOR_ID},
    {{9796.78, -25.934, -5435.68}, {0.0127851, -0.603623, -0.0168811, 0.796989}, 1, CRATE_DECOR_ID},
    {{9318.16, 0, 6593.56}, {-5.96046e-08, 0.484823, 0, 0.874612}, 1, CONSOLES_DECOR_ID},
    {{10675, 0, 5064.46}, {8.9407e-08, 0.184693, -1.49012e-08, 0.982796}, 1, SEARCHLIGHT_DECOR_ID},
    {{2040.82, 0, -4049.26}, {5.96046e-08, 0.209266, -7.45058e-09, 0.977859}, 1, ROCK002_DECOR_ID},
    {{43.6024, 0, -124.651}, {0, 0, 0, 1}, 1, ROCK003_DECOR_ID},
    {{-3848.84, 0, 1051.71}, {0, 0, 0, 1}, 1, ROCK004_DECOR_ID},
    {{2129.64, 0, -3617.54}, {2.98023e-07, 0.756787, -3.57628e-07, 0.653662}, 1, ROCK002_DECOR_ID},
    {{2366.77, 0, -4571.18}, {0, 0.97871, -8.9407e-08, 0.20525}, 1, ROCK002_DECOR_ID},
    {{2040.82, 0, 3373.39}, {5.96046e-08, 0.209266, -7.45058e-09, 0.977859}, 1, ROCK002_DECOR_ID},
    {{2129.64, 0, 3805.11}, {2.98023e-07, 0.756787, -3.57628e-07, 0.653662}, 1, ROCK002_DECOR_ID},
    {{2366.77, 0, 2851.47}, {0, 0.97871, -8.9407e-08, 0.20525}, 1, ROCK002_DECOR_ID},
    {{-4756.24, 0, -335.238}, {2.98023e-08, 0.336489, 0, 0.941687}, 1, ROCK004_DECOR_ID},
    {{-4368.04, 0, -158.794}, {-2.98023e-08, -0.119389, 0, 0.992848}, 1, ROCK004_DECOR_ID},
    {{3927.06, 0, -125.518}, {0, 0, 0, 1}, 1, ROCK004_DECOR_ID},
    {{3019.67, 0, -1317.79}, {2.98023e-08, 0.336489, 0, 0.941687}, 1, ROCK004_DECOR_ID},
    {{3407.87, 0, -1141.34}, {-2.98023e-08, -0.119389, 0, 0.992848}, 1, ROCK004_DECOR_ID},
    {{-6653.01, -80.8582, 2475.77}, {5.96046e-08, 0.209266, -7.45058e-09, 0.977859}, 1, ROCK002_DECOR_ID},
    {{-7536.57, 9.40185, 3434.13}, {2.98023e-08, 0.336489, 0, 0.941687}, 1, ROCK004_DECOR_ID},
    {{-6971.92, 9.40185, 3690.78}, {-2.98023e-08, -0.119389, 0, 0.992848}, 1, ROCK004_DECOR_ID},
    {{-6653.01, -80.8582, -4680.54}, {5.96046e-08, 0.209266, -7.45058e-09, 0.977859}, 1, ROCK002_DECOR_ID},
    {{-7536.57, 9.40185, -3722.18}, {2.98023e-08, 0.336489, 0, 0.941687}, 1, ROCK004_DECOR_ID},
    {{-6971.92, 9.40185, -3465.53}, {-2.98023e-08, -0.119389, 0, 0.992848}, 1, ROCK004_DECOR_ID},
    {{8678.74, -80.8582, 900.07}, {8.9407e-08, -0.207782, 0, 0.978175}, 1, ROCK002_DECOR_ID},
    {{7375.36, 9.40185, 881.459}, {-2.98023e-08, -0.0768699, 0, 0.997041}, 1, ROCK004_DECOR_ID},
    {{7560.98, 9.40185, 1473.27}, {-1.19209e-07, -0.513969, -2.98023e-08, 0.857809}, 1, ROCK004_DECOR_ID},
    {{-8139.35, 0, -318.274}, {-1.19209e-07, -0.634157, -8.9407e-08, 0.773204}, 1, ROCK003_DECOR_ID},
    {{-9002.37, 0, 8395.67}, {0, 0, 0, 1}, 1, ROCK003_DECOR_ID},
    {{2281.47, -80.8582, 8668.35}, {-2.98023e-08, 0.940901, -1.19209e-07, -0.338683}, 1, ROCK002_DECOR_ID},
    {{2878.11, 9.40185, 7509.41}, {-4.47035e-08, 0.887973, 2.98023e-08, -0.459895}, 1, ROCK004_DECOR_ID},
    {{2265.52, 9.40185, 7412.29}, {-2.32831e-09, 0.999887, -1.19209e-07, -0.015017}, 1, ROCK004_DECOR_ID},
    {{12131.1, -80.8582, -962.016}, {-2.98023e-08, 0.940901, -1.19209e-07, -0.338683}, 1, ROCK002_DECOR_ID},
    {{12727.7, 9.40185, -2120.96}, {-4.47035e-08, 0.887973, 2.98023e-08, -0.459895}, 1, ROCK004_DECOR_ID},
    {{12115.2, 9.40185, -2218.08}, {-2.32831e-09, 0.999887, -1.19209e-07, -0.015017}, 1, ROCK004_DECOR_ID},
    {{6813.48, 0, -6981.47}, {-5.96046e-08, -0.397673, 1.49012e-08, 0.917527}, 1, ROCK002_DECOR_ID},
    {{6434.1, 0, -6757.1}, {-2.98023e-08, 0.236322, 0, 0.971675}, 1, ROCK002_DECOR_ID},
    {{7413.02, 0, -6842.95}, {-2.98023e-07, 0.677437, 2.68221e-07, 0.735581}, 1, ROCK002_DECOR_ID},
};
struct Vector3 Perseverance_PathingNodes[] = {
    {-2673.59, 0.0f, 326.505},
    {-3405.81, 0.0f, -246.55},
    {1767.43, 0.0f, 4985.13},
    {80.1945, 0.0f, 2929.36},
    {2574.56, 0.0f, 1070.41},
    {5139.22, 0.0f, 4532.78},
    {-3189.18, 0.0f, 3270.42},
    {1573.44, 0.0f, -1772.02},
    {4762.87, 0.0f, -2288.62},
    {135.953, 0.0f, -3501.5},
    {6144.2, 0.0f, -3692.42},
    {6806.79, 0.0f, -5545.43},
    {7525.54, 0.0f, -379.457},
    {8238.8, 0.0f, 2556.23},
    {401.066, 0.0f, 7324.79},
    {-5734.73, 0.0f, 5104.71},
    {-10245.6, 0.0f, 4655.49},
    {-8392.58, 0.0f, 1005.62},
    {-4518.11, 0.0f, -1371.47},
    {-8654.62, 0.0f, -1577.36},
    {-9908.68, 0.0f, 13.6089},
    {-10788.4, 0.0f, -3748.56},
    {-8268.4, 0.0f, -5002.1},
    {-6408.55, 0.0f, -5927.26},
    {-5510.12, 0.0f, -5567.88},
    {-5143.06, 0.0f, 1633.87},
    {10799.3, 0.0f, 602.146},
    {4937.07, 0.0f, 1590.42},
};
char Perseverance_BasesPathNodes[] = {
    19,
    13,
    12,
    17,
    1,
    23,
    15,
    8,
    5,
    7,
    14,
    9,
    21,
    16,
    11,
    6,
};
unsigned short Perseverance_NodeDistances[] = {
    0, 929, 6448, 3789, 6900, 9850, 2988, 7988, 11219, 5740, 13189, 15157, 12571, 12759, 9158, 6126, 10659, 7057, 2511, 6653, 8679, 9697, 9868, 7791, 6823, 5537, 15980, 9319, 
    929, 0, 7378, 4719, 7829, 10780, 3918, 7059, 10290, 4810, 12259, 14227, 13501, 13689, 10087, 7056, 10220, 6127, 1581, 5723, 7749, 8767, 8938, 6861, 5894, 6467, 16910, 10248, 
    6448, 7378, 0, 2659, 5770, 3401, 5946, 8783, 12014, 11032, 13984, 15952, 9604, 7078, 2709, 9084, 13617, 11805, 8960, 13102, 13616, 16146, 16317, 14240, 13272, 8495, 10299, 6351, 
    3789, 4719, 2659, 0, 3110, 6061, 3287, 6124, 9355, 8373, 11324, 13292, 8782, 8970, 5368, 6424, 10957, 9145, 6301, 10442, 10957, 13486, 13657, 11580, 10613, 5835, 12191, 5529, 
    6900, 7829, 5770, 3110, 0, 4308, 6397, 3013, 6244, 5262, 8214, 10181, 5671, 5859, 8479, 9535, 14068, 12256, 9411, 13553, 14068, 16597, 16768, 14691, 13723, 8946, 9080, 2419, 
    9850, 10780, 3401, 6061, 4308, 0, 9348, 7322, 9560, 9571, 11529, 13497, 6202, 3676, 6111, 12486, 17019, 15207, 12362, 16504, 17018, 19548, 19719, 17642, 16674, 11897, 6897, 2949, 
    2988, 3918, 5946, 3287, 6397, 9348, 0, 9411, 12642, 8728, 14612, 16579, 12069, 12257, 8656, 3137, 7670, 5858, 5500, 9642, 7670, 12686, 12857, 10780, 9812, 2548, 15478, 8817, 
    7988, 7059, 8783, 6124, 3013, 7322, 9411, 0, 3230, 2248, 5200, 7168, 6589, 8872, 11493, 12549, 16006, 11912, 7367, 11508, 13534, 14553, 14724, 12646, 11679, 11960, 10006, 5432, 
    11219, 10290, 12014, 9355, 6244, 9560, 12642, 3230, 0, 5479, 1969, 3937, 3358, 9996, 14724, 15780, 19237, 15143, 10598, 14739, 16765, 17784, 17955, 15877, 14910, 15191, 6775, 6610, 
    5740, 4810, 11032, 8373, 5262, 9571, 8728, 2248, 5479, 0, 7449, 9417, 8838, 11121, 13742, 11866, 13757, 9663, 5118, 9259, 11285, 12304, 12475, 10398, 9430, 11277, 12255, 7681, 
    13189, 12259, 13984, 11324, 8214, 11529, 14612, 5200, 1969, 7449, 0, 1967, 5327, 11966, 16693, 17749, 21206, 17113, 12567, 16709, 18735, 19753, 19924, 17847, 16879, 17160, 8745, 8580, 
    15157, 14227, 15952, 13292, 10181, 13497, 16579, 7168, 3937, 9417, 1967, 0, 7295, 13934, 18661, 19717, 23174, 19081, 14535, 18677, 20702, 21721, 21892, 19815, 18847, 19128, 10713, 10548, 
    12571, 13501, 9604, 8782, 5671, 6202, 12069, 6589, 3358, 8838, 5327, 7295, 0, 6638, 12313, 15207, 19740, 17928, 13956, 18098, 19740, 21142, 21313, 19236, 18268, 14618, 3417, 3252, 
    12759, 13689, 7078, 8970, 5859, 3676, 12257, 8872, 9996, 11121, 11966, 13934, 6638, 0, 9787, 15394, 19927, 18115, 15271, 19412, 19927, 22456, 22627, 20550, 19583, 14805, 3220, 3440, 
    9158, 10087, 2709, 5368, 8479, 6111, 8656, 11493, 14724, 13742, 16693, 18661, 12313, 9787, 0, 6525, 11058, 14514, 11669, 15811, 16326, 18855, 19026, 16949, 15981, 11204, 13008, 9060, 
    6126, 7056, 9084, 6424, 9535, 12486, 3137, 12549, 15780, 11866, 17749, 19717, 15207, 15394, 6525, 0, 4533, 8626, 8638, 12464, 10438, 15508, 15910, 13917, 12950, 5686, 18615, 11954, 
    10659, 10220, 13617, 10957, 14068, 17019, 7670, 16006, 19237, 13757, 21206, 23174, 19740, 19927, 11058, 4533, 0, 4093, 8638, 7930, 5905, 10975, 11377, 13454, 12950, 7403, 23148, 16487, 
    7057, 6127, 11805, 9145, 12256, 15207, 5858, 11912, 15143, 9663, 17113, 19081, 17928, 18115, 14514, 8626, 4093, 0, 4545, 3837, 1811, 6881, 7284, 9361, 8857, 3309, 21336, 14675, 
    2511, 1581, 8960, 6301, 9411, 12362, 5500, 7367, 10598, 5118, 12567, 14535, 13956, 15271, 11669, 8638, 8638, 4545, 0, 4141, 6167, 7185, 7356, 5279, 4312, 7855, 17374, 11830, 
    6653, 5723, 13102, 10442, 13553, 16504, 9642, 11508, 14739, 9259, 16709, 18677, 18098, 19412, 15811, 12464, 7930, 3837, 4141, 0, 2025, 3044, 3446, 5523, 6491, 7147, 21515, 15972, 
    8679, 7749, 13616, 10957, 14068, 17018, 7670, 13534, 16765, 11285, 18735, 20702, 19740, 19927, 16326, 10438, 5905, 1811, 6167, 2025, 0, 5069, 5472, 7549, 8517, 5121, 23148, 16487, 
    9697, 8767, 16146, 13486, 16597, 19548, 12686, 14553, 17784, 12304, 19753, 21721, 21142, 22456, 18855, 15508, 10975, 6881, 7185, 3044, 5069, 0, 2814, 4891, 5859, 10191, 24559, 19016, 
    9868, 8938, 16317, 13657, 16768, 19719, 12857, 14724, 17955, 12475, 19924, 21892, 21313, 22627, 19026, 15910, 11377, 7284, 7356, 3446, 5472, 2814, 0, 2077, 3044, 10593, 24731, 19187, 
    7791, 6861, 14240, 11580, 14691, 17642, 10780, 12646, 15877, 10398, 17847, 19815, 19236, 20550, 16949, 13917, 13454, 9361, 5279, 5523, 7549, 4891, 2077, 0, 967, 12671, 22653, 17110, 
