#include "level.h"
#include "../../level_themes/Mars/theme.h"
#include "sk64/skelatool_defs.h"
#include <ultra64.h>

Vtx Spirit_Grid_001_color[] = {
    {{{-6847, 0, 2345}, 0, {-405, 14}, {203, 96, 95, 255}}},
    {{{-8172, 524, 2727}, 0, {-205, 1098}, {203, 96, 95, 255}}},
    {{{-8172, 524, 5457}, 0, {1118, 1111}, {202, 93, 92, 255}}},
    {{{-6847, 0, 4691}, 0, {716, 11}, {202, 93, 92, 255}}},
    {{{-4086, 524, 5457}, 0, {2560, 1092}, {202, 93, 92, 255}}},
    {{{-4935, 524, 6274}, 0, {2737, 2008}, {202, 93, 92, 255}}},
    {{{4, 524, 6274}, 0, {4004, 1992}, {202, 92, 91, 255}}},
    {{{0, 524, 5457}, 0, {4001, 1073}, {202, 92, 91, 255}}},
    {{{-3423, 0, 4691}, 0, {2357, -10}, {202, 93, 92, 255}}},
    {{{-4086, 524, 5457}, 0, {2560, 1092}, {202, 93, 92, 255}}},
    {{{0, 524, 5457}, 0, {4001, 1073}, {202, 92, 91, 255}}},
    {{{0, 0, 4691}, 0, {3999, -32}, {202, 92, 91, 255}}},
    {{{8264, 0, 4831}, 0, {-405, 14}, {203, 96, 95, 255}}},
    {{{8264, 0, 7177}, 0, {716, 11}, {202, 93, 92, 255}}},
    {{{9589, 524, 7943}, 0, {1118, 1111}, {202, 93, 92, 255}}},
    {{{9589, 524, 5213}, 0, {-205, 1098}, {203, 96, 95, 255}}},
    {{{5503, 524, 7943}, 0, {2560, 1092}, {202, 93, 92, 255}}},
    {{{0, 524, 5457}, 0, {4001, 1073}, {202, 92, 91, 255}}},
    {{{-4, 524, 6274}, 0, {4004, 1992}, {202, 92, 91, 255}}},
    {{{6353, 524, 8760}, 0, {2737, 2008}, {202, 93, 92, 255}}},
    {{{4841, 0, 7177}, 0, {2357, -10}, {202, 93, 92, 255}}},
    {{{0, 0, 4691}, 0, {3999, -32}, {202, 92, 91, 255}}},
    {{{0, 524, 5457}, 0, {4001, 1073}, {202, 92, 91, 255}}},
    {{{5503, 524, 7943}, 0, {2560, 1092}, {202, 93, 92, 255}}},
    {{{-9329, 0, -4587}, 0, {-405, 14}, {203, 96, 95, 255}}},
    {{{-10121, 0, -6933}, 0, {716, 11}, {202, 93, 92, 255}}},
    {{{-11445, 524, -7699}, 0, {1118, 1111}, {202, 93, 92, 255}}},
    {{{-10653, 524, -4969}, 0, {-205, 1098}, {203, 96, 95, 255}}},
    {{{-7360, 524, -7699}, 0, {2560, 1092}, {202, 93, 92, 255}}},
    {{{0, 524, -5457}, 0, {4001, 1073}, {202, 92, 91, 255}}},
    {{{4, 524, -6274}, 0, {4004, 1992}, {202, 92, 91, 255}}},
    {{{-8209, 524, -8515}, 0, {2737, 2008}, {202, 93, 92, 255}}},
    {{{-6697, 0, -6933}, 0, {2357, -10}, {202, 93, 92, 255}}},
    {{{0, 0, -4691}, 0, {3999, -32}, {202, 92, 91, 255}}},
    {{{0, 524, -5457}, 0, {4001, 1073}, {202, 92, 91, 255}}},
    {{{-7360, 524, -7699}, 0, {2560, 1092}, {202, 93, 92, 255}}},
    {{{6847, 0, -2345}, 0, {-405, 14}, {203, 96, 95, 255}}},
    {{{8172, 524, -2727}, 0, {-205, 1098}, {203, 96, 95, 255}}},
    {{{8172, 524, -5457}, 0, {1118, 1111}, {202, 93, 92, 255}}},
    {{{6847, 0, -4691}, 0, {716, 11}, {202, 93, 92, 255}}},
    {{{8172, 524, -2727}, 0, {-205, 1098}, {203, 96, 95, 255}}},
    {{{12881, 524, 0}, 0, {-1529, 1085}, {203, 98, 97, 255}}},
    {{{14585, 524, 0}, 0, {-1523, 1983}, {203, 98, 97, 255}}},
    {{{9876, 524, -3144}, 0, {-26, 2003}, {203, 96, 95, 255}}},
    {{{3423, 0, -4691}, 0, {2357, -10}, {202, 93, 92, 255}}},
    {{{4086, 524, -5457}, 0, {2560, 1092}, {202, 93, 92, 255}}},
    {{{0, 524, -5457}, 0, {4001, 1073}, {202, 92, 91, 255}}},
    {{{0, 0, -4691}, 0, {3999, -32}, {202, 92, 91, 255}}},
    {{{8264, 0, 7177}, 0, {716, 11}, {202, 93, 92, 255}}},
    {{{4841, 0, 7177}, 0, {2357, -10}, {202, 93, 92, 255}}},
    {{{5503, 524, 7943}, 0, {2560, 1092}, {202, 93, 92, 255}}},
    {{{9589, 524, 7943}, 0, {1118, 1111}, {202, 93, 92, 255}}},
    {{{-6847, 0, 4691}, 0, {716, 11}, {202, 93, 92, 255}}},
    {{{-8172, 524, 5457}, 0, {1118, 1111}, {202, 93, 92, 255}}},
    {{{6847, 0, -4691}, 0, {716, 11}, {202, 93, 92, 255}}},
    {{{8172, 524, -5457}, 0, {1118, 1111}, {202, 93, 92, 255}}},
    {{{-10121, 0, -6933}, 0, {716, 11}, {202, 93, 92, 255}}},
    {{{-6697, 0, -6933}, 0, {2357, -10}, {202, 93, 92, 255}}},
    {{{-7360, 524, -7699}, 0, {2560, 1092}, {202, 93, 92, 255}}},
    {{{-11445, 524, -7699}, 0, {1118, 1111}, {202, 93, 92, 255}}},
    {{{-8172, 524, 2727}, 0, {-205, 1098}, {203, 96, 95, 255}}},
    {{{-13094, 524, 0}, 0, {-1529, 1085}, {203, 98, 97, 255}}},
    {{{-14798, 524, 0}, 0, {-1523, 1983}, {203, 98, 97, 255}}},
    {{{-9876, 524, 3137}, 0, {-26, 2003}, {203, 96, 95, 255}}},
    {{{9589, 524, 5213}, 0, {-205, 1098}, {203, 96, 95, 255}}},
    {{{11293, 524, 5630}, 0, {-26, 2003}, {203, 96, 95, 255}}},
    {{{11556, 0, 0}, 0, {-1526, 16}, {203, 98, 97, 255}}},
    {{{8264, 0, 4831}, 0, {-405, 14}, {203, 96, 95, 255}}},
    {{{9589, 524, 5213}, 0, {-205, 1098}, {203, 96, 95, 255}}},
    {{{12881, 524, 0}, 0, {-1529, 1085}, {203, 98, 97, 255}}},
    {{{11556, 0, 0}, 0, {-1526, 16}, {203, 98, 97, 255}}},
    {{{12881, 524, 0}, 0, {-1529, 1085}, {203, 98, 97, 255}}},
    {{{8172, 524, -2727}, 0, {-205, 1098}, {203, 96, 95, 255}}},
    {{{6847, 0, -2345}, 0, {-405, 14}, {203, 96, 95, 255}}},
    {{{9589, 524, 7943}, 0, {1118, 1111}, {202, 93, 92, 255}}},
    {{{11293, 524, 8760}, 0, {1470, 2024}, {202, 93, 92, 255}}},
    {{{8172, 524, -5457}, 0, {1118, 1111}, {202, 93, 92, 255}}},
    {{{9876, 524, -6274}, 0, {1470, 2024}, {202, 93, 92, 255}}},
    {{{4086, 524, -5457}, 0, {2560, 1092}, {202, 93, 92, 255}}},
    {{{4935, 524, -6274}, 0, {2737, 2008}, {202, 93, 92, 255}}},
    {{{-4, 524, -6274}, 0, {4004, 1992}, {202, 92, 91, 255}}},
    {{{0, 524, -5457}, 0, {4001, 1073}, {202, 92, 91, 255}}},
    {{{-11769, 0, 0}, 0, {-1526, 16}, {203, 98, 97, 255}}},
    {{{-9329, 0, -4587}, 0, {-405, 14}, {203, 96, 95, 255}}},
    {{{-10653, 524, -4969}, 0, {-205, 1098}, {203, 96, 95, 255}}},
    {{{-13094, 524, 0}, 0, {-1529, 1085}, {203, 98, 97, 255}}},
    {{{-11769, 0, 0}, 0, {-1526, 16}, {203, 98, 97, 255}}},
    {{{-13094, 524, 0}, 0, {-1529, 1085}, {203, 98, 97, 255}}},
    {{{-8172, 524, 2727}, 0, {-205, 1098}, {203, 96, 95, 255}}},
    {{{-6847, 0, 2345}, 0, {-405, 14}, {203, 96, 95, 255}}},
    {{{-10653, 524, -4969}, 0, {-205, 1098}, {203, 96, 95, 255}}},
    {{{-11445, 524, -7699}, 0, {1118, 1111}, {202, 93, 92, 255}}},
    {{{-13149, 524, -8515}, 0, {1470, 2024}, {202, 93, 92, 255}}},
    {{{-12357, 524, -5378}, 0, {-26, 2003}, {203, 96, 95, 255}}},
    {{{-8172, 524, 5457}, 0, {1118, 1111}, {202, 93, 92, 255}}},
    {{{-9876, 524, 6274}, 0, {1470, 2024}, {202, 93, 92, 255}}},
};


Vtx Spirit_Grid_color[] = {
    {{{-6377, 0, 2994}, 0, {1599, -2204}, {242, 179, 81, 255}}},
    {{{-12289, 0, 2275}, 0, {3501, -3530}, {202, 93, 92, 255}}},
    {{{-12616, 0, 5759}, 0, {2175, -5432}, {202, 93, 92, 255}}},
    {{{-6764, 0, 6426}, 0, {273, -4106}, {202, 93, 92, 255}}},
    {{{11356, 0, 5149}, 0, {-4106, 1774}, {202, 93, 92, 255}}},
    {{{5445, 0, 4431}, 0, {-2204, 448}, {244, 181, 81, 255}}},
    {{{4939, 0, 7762}, 0, {-3530, -1453}, {202, 93, 92, 255}}},
    {{{10791, 0, 8430}, 0, {-5432, -127}, {202, 93, 92, 255}}},
    {{{-466, 0, 3712}, 0, {-302, -877}, {202, 93, 92, 255}}},
    {{{-912, 0, 7094}, 0, {-1628, -2779}, {202, 93, 92, 255}}},
    {{{13052, 0, -4691}, 0, {-127, 7480}, {254, 200, 77, 255}}},
    {{{6963, 0, -5561}, 0, {1774, 6154}, {202, 93, 92, 255}}},
    {{{6457, 0, -2230}, 0, {448, 4252}, {202, 93, 92, 255}}},
    {{{12487, 0, -1410}, 0, {-1453, 5578}, {202, 93, 92, 255}}},
    {{{5951, 0, 1100}, 0, {-877, 2350}, {202, 93, 92, 255}}},
    {{{11921, 0, 1869}, 0, {-2779, 3676}, {202, 93, 92, 255}}},
    {{{873, 0, -6432}, 0, {3676, 4827}, {202, 93, 92, 255}}},
    {{{426, 0, -3050}, 0, {2350, 2925}, {202, 93, 92, 255}}},
    {{{-19, 0, 331}, 0, {1023, 1024}, {202, 94, 92, 255}}},
    {{{-5215, 0, -7302}, 0, {5578, 3501}, {202, 93, 92, 255}}},
    {{{-5603, 0, -3870}, 0, {4252, 1599}, {237, 170, 83, 255}}},
    {{{-5990, 0, -438}, 0, {2925, -302}, {202, 93, 92, 255}}},
    {{{-11305, 0, -8173}, 0, {7480, 2175}, {202, 93, 92, 255}}},
    {{{-11633, 0, -4690}, 0, {6154, 273}, {202, 93, 92, 255}}},
    {{{-11961, 0, -1207}, 0, {4827, -1628}, {202, 93, 92, 255}}},
};


Gfx Spirit_model_gfx[] = {
    // Material Rock
    gsSPDisplayList(Mars_Rock),
    // End Material Rock
    gsSPVertex(&Spirit_Grid_001_color[0], 32, 0),
    gsSP2Triangles(0, 1, 2, 0, 0, 2, 3, 0),
    gsSP2Triangles(4, 5, 6, 0, 4, 6, 7, 0),
    gsSP2Triangles(8, 9, 10, 0, 8, 10, 11, 0),
    gsSP2Triangles(12, 13, 14, 0, 12, 14, 15, 0),
    gsSP2Triangles(16, 17, 18, 0, 16, 18, 19, 0),
    gsSP2Triangles(20, 21, 22, 0, 20, 22, 23, 0),
    gsSP2Triangles(24, 25, 26, 0, 24, 26, 27, 0),
    gsSP2Triangles(28, 29, 30, 0, 28, 30, 31, 0),
    gsSPVertex(&Spirit_Grid_001_color[8], 2, 0),
    gsSPVertex(&Spirit_Grid_001_color[32], 28, 2),
    gsSP2Triangles(2, 3, 4, 0, 2, 4, 5, 0),
    gsSP2Triangles(6, 7, 8, 0, 6, 8, 9, 0),
    gsSP2Triangles(10, 11, 12, 0, 10, 12, 13, 0),
    gsSP2Triangles(14, 15, 16, 0, 14, 16, 17, 0),
    gsSP2Triangles(18, 19, 20, 0, 18, 20, 21, 0),
    gsSP2Triangles(22, 23, 1, 0, 22, 1, 0, 0),
    gsSP2Triangles(24, 25, 15, 0, 24, 15, 14, 0),
    gsSP2Triangles(26, 27, 28, 0, 26, 28, 29, 0),
    gsSPVertex(&Spirit_Grid_001_color[16], 1, 0),
    gsSPVertex(&Spirit_Grid_001_color[19], 1, 1),
    gsSPVertex(&Spirit_Grid_001_color[40], 4, 2),
    gsSPVertex(&Spirit_Grid_001_color[60], 26, 6),
    gsSP2Triangles(6, 7, 8, 0, 6, 8, 9, 0),
    gsSP2Triangles(10, 11, 4, 0, 10, 4, 3, 0),
    gsSP2Triangles(12, 13, 14, 0, 12, 14, 15, 0),
    gsSP2Triangles(16, 17, 18, 0, 16, 18, 19, 0),
    gsSP2Triangles(20, 0, 1, 0, 20, 1, 21, 0),
    gsSP2Triangles(10, 20, 21, 0, 10, 21, 11, 0),
    gsSP2Triangles(22, 2, 5, 0, 22, 5, 23, 0),
    gsSP2Triangles(27, 24, 22, 0, 23, 27, 22, 0),
    gsSP2Triangles(27, 23, 25, 0, 25, 26, 27, 0),
    gsSP2Triangles(28, 29, 30, 0, 28, 30, 31, 0),
    gsSPVertex(&Spirit_Grid_001_color[4], 2, 0),
    gsSPVertex(&Spirit_Grid_001_color[28], 1, 2),
    gsSPVertex(&Spirit_Grid_001_color[31], 1, 3),
    gsSPVertex(&Spirit_Grid_001_color[60], 4, 4),
    gsSPVertex(&Spirit_Grid_001_color[86], 10, 8),
    gsSP2Triangles(8, 9, 10, 0, 8, 10, 11, 0),
    gsSP2Triangles(12, 13, 14, 0, 12, 14, 15, 0),
    gsSP2Triangles(0, 16, 17, 0, 0, 17, 1, 0),
    gsSP2Triangles(13, 2, 3, 0, 13, 3, 14, 0),
    gsSP2Triangles(5, 12, 15, 0, 5, 15, 6, 0),
    gsSP2Triangles(16, 4, 7, 0, 16, 7, 17, 0),
    // Material Ground
    gsSPDisplayList(Mars_Ground),
    // End Material Ground
    gsSPVertex(&Spirit_Grid_color[0], 25, 0),
    gsSP2Triangles(0, 1, 2, 0, 0, 2, 3, 0),
    gsSP2Triangles(4, 5, 6, 0, 4, 6, 7, 0),
    gsSP2Triangles(5, 8, 9, 0, 5, 9, 6, 0),
    gsSP2Triangles(8, 0, 3, 0, 8, 3, 9, 0),
    gsSP2Triangles(10, 11, 12, 0, 10, 12, 13, 0),
    gsSP2Triangles(13, 12, 14, 0, 13, 14, 15, 0),
    gsSP2Triangles(15, 14, 5, 0, 15, 5, 4, 0),
    gsSP2Triangles(11, 16, 17, 0, 11, 17, 12, 0),
    gsSP2Triangles(12, 17, 18, 0, 12, 18, 14, 0),
    gsSP2Triangles(14, 18, 8, 0, 14, 8, 5, 0),
    gsSP2Triangles(16, 19, 20, 0, 16, 20, 17, 0),
    gsSP2Triangles(17, 20, 21, 0, 17, 21, 18, 0),
    gsSP2Triangles(18, 21, 0, 0, 18, 0, 8, 0),
    gsSP2Triangles(19, 22, 23, 0, 19, 23, 20, 0),
    gsSP2Triangles(20, 23, 24, 0, 20, 24, 21, 0),
    gsSP2Triangles(21, 24, 1, 0, 21, 1, 0, 0),
    // Begin decor
    gsSPDisplayList(Mars_Crate),
    gsSPMatrix((Mtx*)MATRIX_TRANSFORM_SEGMENT_ADDRESS + 2, G_MTX_MODELVIEW | G_MTX_MUL | G_MTX_PUSH),
    gsSPDisplayList(Mars_CrateDisplayList),
    gsSPPopMatrix(G_MTX_MODELVIEW),
    gsSPMatrix((Mtx*)MATRIX_TRANSFORM_SEGMENT_ADDRESS + 20, G_MTX_MODELVIEW | G_MTX_MUL | G_MTX_PUSH),
    gsSPDisplayList(Mars_CrateDisplayList),
    gsSPPopMatrix(G_MTX_MODELVIEW),
    gsSPMatrix((Mtx*)MATRIX_TRANSFORM_SEGMENT_ADDRESS + 19, G_MTX_MODELVIEW | G_MTX_MUL | G_MTX_PUSH),
    gsSPDisplayList(Mars_CrateDisplayList),
    gsSPPopMatrix(G_MTX_MODELVIEW),
    gsSPMatrix((Mtx*)MATRIX_TRANSFORM_SEGMENT_ADDRESS + 18, G_MTX_MODELVIEW | G_MTX_MUL | G_MTX_PUSH),
    gsSPDisplayList(Mars_CrateDisplayList),
    gsSPPopMatrix(G_MTX_MODELVIEW),
    gsSPMatrix((Mtx*)MATRIX_TRANSFORM_SEGMENT_ADDRESS + 17, G_MTX_MODELVIEW | G_MTX_MUL | G_MTX_PUSH),
    gsSPDisplayList(Mars_CrateDisplayList),
    gsSPPopMatrix(G_MTX_MODELVIEW),
    gsSPMatrix((Mtx*)MATRIX_TRANSFORM_SEGMENT_ADDRESS + 16, G_MTX_MODELVIEW | G_MTX_MUL | G_MTX_PUSH),
    gsSPDisplayList(Mars_CrateDisplayList),
    gsSPPopMatrix(G_MTX_MODELVIEW),
    gsSPMatrix((Mtx*)MATRIX_TRANSFORM_SEGMENT_ADDRESS + 15, G_MTX_MODELVIEW | G_MTX_MUL | G_MTX_PUSH),
    gsSPDisplayList(Mars_CrateDisplayList),
    gsSPPopMatrix(G_MTX_MODELVIEW),
    gsSPMatrix((Mtx*)MATRIX_TRANSFORM_SEGMENT_ADDRESS + 14, G_MTX_MODELVIEW | G_MTX_MUL | G_MTX_PUSH),
    gsSPDisplayList(Mars_CrateDisplayList),
    gsSPPopMatrix(G_MTX_MODELVIEW),
    gsSPDisplayList(Mars_Metal),
    gsSPMatrix((Mtx*)MATRIX_TRANSFORM_SEGMENT_ADDRESS + 0, G_MTX_MODELVIEW | G_MTX_MUL | G_MTX_PUSH),
    gsSPDisplayList(Mars_Broken_BaseDisplayList),
    gsSPPopMatrix(G_MTX_MODELVIEW),
    gsSPMatrix((Mtx*)MATRIX_TRANSFORM_SEGMENT_ADDRESS + 21, G_MTX_MODELVIEW | G_MTX_MUL | G_MTX_PUSH),
    gsSPDisplayList(Mars_Broken_BaseDisplayList),
    gsSPPopMatrix(G_MTX_MODELVIEW),
    gsSPMatrix((Mtx*)MATRIX_TRANSFORM_SEGMENT_ADDRESS + 22, G_MTX_MODELVIEW | G_MTX_MUL | G_MTX_PUSH),
    gsSPDisplayList(Mars_Broken_BaseDisplayList),
    gsSPPopMatrix(G_MTX_MODELVIEW),
    gsSPMatrix((Mtx*)MATRIX_TRANSFORM_SEGMENT_ADDRESS + 8, G_MTX_MODELVIEW | G_MTX_MUL | G_MTX_PUSH),
    gsSPDisplayList(Mars_Broken_BaseDisplayList),
    gsSPPopMatrix(G_MTX_MODELVIEW),
    gsSPDisplayList(Mars_Rock),
    gsSPMatrix((Mtx*)MATRIX_TRANSFORM_SEGMENT_ADDRESS + 24, G_MTX_MODELVIEW | G_MTX_MUL | G_MTX_PUSH),
    gsSPDisplayList(Mars_Rock001DisplayList),
    gsSPPopMatrix(G_MTX_MODELVIEW),
    gsSPMatrix((Mtx*)MATRIX_TRANSFORM_SEGMENT_ADDRESS + 27, G_MTX_MODELVIEW | G_MTX_MUL | G_MTX_PUSH),
    gsSPDisplayList(Mars_Rock001DisplayList),
    gsSPPopMatrix(G_MTX_MODELVIEW),
    gsSPMatrix((Mtx*)MATRIX_TRANSFORM_SEGMENT_ADDRESS + 25, G_MTX_MODELVIEW | G_MTX_MUL | G_MTX_PUSH),
    gsSPDisplayList(Mars_Rock003DisplayList),
    gsSPPopMatrix(G_MTX_MODELVIEW),
    gsSPMatrix((Mtx*)MATRIX_TRANSFORM_SEGMENT_ADDRESS + 28, G_MTX_MODELVIEW | G_MTX_MUL | G_MTX_PUSH),
    gsSPDisplayList(Mars_Rock003DisplayList),
    gsSPPopMatrix(G_MTX_MODELVIEW),
    gsSPMatrix((Mtx*)MATRIX_TRANSFORM_SEGMENT_ADDRESS + 26, G_MTX_MODELVIEW | G_MTX_MUL | G_MTX_PUSH),
    gsSPDisplayList(Mars_Rock004DisplayList),
    gsSPPopMatrix(G_MTX_MODELVIEW),
    gsSPMatrix((Mtx*)MATRIX_TRANSFORM_SEGMENT_ADDRESS + 29, G_MTX_MODELVIEW | G_MTX_MUL | G_MTX_PUSH),
    gsSPDisplayList(Mars_Rock004DisplayList),
    gsSPPopMatrix(G_MTX_MODELVIEW),
    gsSPMatrix((Mtx*)MATRIX_TRANSFORM_SEGMENT_ADDRESS + 30, G_MTX_MODELVIEW | G_MTX_MUL | G_MTX_PUSH),
    gsSPDisplayList(Mars_Rock004DisplayList),
    gsSPPopMatrix(G_MTX_MODELVIEW),
    gsSPMatrix((Mtx*)MATRIX_TRANSFORM_SEGMENT_ADDRESS + 31, G_MTX_MODELVIEW | G_MTX_MUL | G_MTX_PUSH),
    gsSPDisplayList(Mars_Rock004DisplayList),
    gsSPPopMatrix(G_MTX_MODELVIEW),
    gsSPMatrix((Mtx*)MATRIX_TRANSFORM_SEGMENT_ADDRESS + 32, G_MTX_MODELVIEW | G_MTX_MUL | G_MTX_PUSH),
    gsSPDisplayList(Mars_Rock004DisplayList),
    gsSPPopMatrix(G_MTX_MODELVIEW),
    gsSPMatrix((Mtx*)MATRIX_TRANSFORM_SEGMENT_ADDRESS + 33, G_MTX_MODELVIEW | G_MTX_MUL | G_MTX_PUSH),
    gsSPDisplayList(Mars_Rock004DisplayList),
    gsSPPopMatrix(G_MTX_MODELVIEW),
    gsSPDisplayList(Mars_SetTextures1),
    gsSPMatrix((Mtx*)MATRIX_TRANSFORM_SEGMENT_ADDRESS + 23, G_MTX_MODELVIEW | G_MTX_MUL | G_MTX_PUSH),
    gsSPDisplayList(Mars_ConsolesDisplayList),
    gsSPPopMatrix(G_MTX_MODELVIEW),
    gsSPMatrix((Mtx*)MATRIX_TRANSFORM_SEGMENT_ADDRESS + 10, G_MTX_MODELVIEW | G_MTX_MUL | G_MTX_PUSH),
    gsSPDisplayList(Mars_ConsolesDisplayList),
    gsSPPopMatrix(G_MTX_MODELVIEW),
    gsSPMatrix((Mtx*)MATRIX_TRANSFORM_SEGMENT_ADDRESS + 9, G_MTX_MODELVIEW | G_MTX_MUL | G_MTX_PUSH),
    gsSPDisplayList(Mars_ConsolesDisplayList),
    gsSPPopMatrix(G_MTX_MODELVIEW),
    gsSPMatrix((Mtx*)MATRIX_TRANSFORM_SEGMENT_ADDRESS + 1, G_MTX_MODELVIEW | G_MTX_MUL | G_MTX_PUSH),
    gsSPDisplayList(Mars_ConsolesDisplayList),
    gsSPPopMatrix(G_MTX_MODELVIEW),
    gsSPMatrix((Mtx*)MATRIX_TRANSFORM_SEGMENT_ADDRESS + 6, G_MTX_MODELVIEW | G_MTX_MUL | G_MTX_PUSH),
    gsSPDisplayList(Mars_DishDisplayList),
    gsSPPopMatrix(G_MTX_MODELVIEW),
    gsSPMatrix((Mtx*)MATRIX_TRANSFORM_SEGMENT_ADDRESS + 3, G_MTX_MODELVIEW | G_MTX_MUL | G_MTX_PUSH),
    gsSPDisplayList(Mars_DishDisplayList),
    gsSPPopMatrix(G_MTX_MODELVIEW),
    gsSPMatrix((Mtx*)MATRIX_TRANSFORM_SEGMENT_ADDRESS + 7, G_MTX_MODELVIEW | G_MTX_MUL | G_MTX_PUSH),
    gsSPDisplayList(Mars_DishBaseDisplayList),
    gsSPPopMatrix(G_MTX_MODELVIEW),
    gsSPMatrix((Mtx*)MATRIX_TRANSFORM_SEGMENT_ADDRESS + 4, G_MTX_MODELVIEW | G_MTX_MUL | G_MTX_PUSH),
    gsSPDisplayList(Mars_DishBaseDisplayList),
    gsSPPopMatrix(G_MTX_MODELVIEW),
    gsSPMatrix((Mtx*)MATRIX_TRANSFORM_SEGMENT_ADDRESS + 13, G_MTX_MODELVIEW | G_MTX_MUL | G_MTX_PUSH),
    gsSPDisplayList(Mars_SearchlightDisplayList),
    gsSPPopMatrix(G_MTX_MODELVIEW),
    gsSPMatrix((Mtx*)MATRIX_TRANSFORM_SEGMENT_ADDRESS + 12, G_MTX_MODELVIEW | G_MTX_MUL | G_MTX_PUSH),
    gsSPDisplayList(Mars_SearchlightDisplayList),
    gsSPPopMatrix(G_MTX_MODELVIEW),
    gsSPMatrix((Mtx*)MATRIX_TRANSFORM_SEGMENT_ADDRESS + 11, G_MTX_MODELVIEW | G_MTX_MUL | G_MTX_PUSH),
    gsSPDisplayList(Mars_SearchlightDisplayList),
    gsSPPopMatrix(G_MTX_MODELVIEW),
    gsSPMatrix((Mtx*)MATRIX_TRANSFORM_SEGMENT_ADDRESS + 5, G_MTX_MODELVIEW | G_MTX_MUL | G_MTX_PUSH),
    gsSPDisplayList(Mars_SearchlightDisplayList),
    gsSPPopMatrix(G_MTX_MODELVIEW),
    gsSPEndDisplayList(),
};
struct BaseDefinition Spirit_Bases[] = {
    {.position = {-8173.62, -5302.31}, .startingTeam = TEAM(0)},
    {.position = {6232.41, -4104.27}, .startingTeam = TEAM(1)},
    {.position = {-5334.99, 3442.61}, .startingTeam = TEAM(2)},
    {.position = {6939.29, 5581.19}, .startingTeam = TEAM(3)},
    {.position = {191.96, -435.043}, .startingTeam = TEAM_NONE},
    {.position = {3120.24, -3192.21}, .startingTeam = TEAM_NONE},
    {.position = {-6844.5, 492.105}, .startingTeam = TEAM_NONE},
    {.position = {-1480.15, 3070.6}, .startingTeam = TEAM_NONE},
    {.position = {6829.08, -737.258}, .startingTeam = TEAM_NONE},
    {.position = {-5194.17, -4751.56}, .startingTeam = TEAM_NONE},
    {.position = {2857.75, 3996.37}, .startingTeam = TEAM_NONE},
};

struct Vector2 Spirit_StartingPositions[] = {
    {-8173.62, -5302.31},
    {6232.41, -4104.27},
    {-5334.99, 3442.61},
    {6939.29, 5581.19},
};

struct SceneBoundary Spirit_Boundary[] = {
    {{-11836.2, 0}, {0.883812, 0.467842}, 5216.39},
    {{-9395.79, -4610.31}, {0.948381, -0.317133}, 2497.38},
    {{-10187.8, -6978.78}, {-0, 1}, 3457},
    {{-6730.79, -6978.78}, {-0.316004, 0.948758}, 7094.32},
    {{0, -4736.94}, {-0, 1}, 3457},
    {{3457, -4736.94}, {-0, 1}, 3457},
    {{6914.01, -4736.94}, {-1, 0}, 2368.47},
    {{6914.01, -2368.47}, {-0.449294, 0.893384}, 5271.54},
    {{11623.5, 0}, {-0.827658, -0.561233}, 5865.46},
    {{8331.62, 4854.59}, {-1, 0}, 2368.47},
    {{8331.62, 7223.06}, {-0, -1}, 3457},
    {{4874.62, 7223.06}, {0.454336, -0.89083}, 5471.99},
    {{0, 4736.94}, {-0, -1}, 3457},
    {{-3457, 4736.94}, {-0, -1}, 3457},
    {{-6914.01, 4736.94}, {1, 0}, 2368.47},
    {{-6914.01, 2368.47}, {0.433593, -0.901109}, 5462.42},
};

struct DecorDefinition Spirit_Decor[] = {
    {{-869.355, 0, -459.394}, {0, 0, 0, 1}, 1.28005, BROKEN_BASE_DECOR_ID},
    {{997.99, 0, -1269.76}, {0, -0.292898, 0, 0.956144}, 1, CONSOLES_DECOR_ID},
    {{-6300.6, -25.934, -2262.31}, {-8.9407e-08, 1.86265e-09, -0.0211762, 0.999776}, 1, CRATE_DECOR_ID},
    {{-3721.37, -15.7789, -2147.08}, {0.415007, -0.251097, 0.208611, 0.849235}, 1, DISH_DECOR_ID},
    {{-4577.91, 0, -1932.01}, {8.9407e-08, -0.0491508, 3.72529e-09, 0.998791}, 1, DISHBASE_DECOR_ID},
    {{-1589.22, 0, -3059.83}, {8.9407e-08, 0.184693, -1.49012e-08, 0.982796}, 1, SEARCHLIGHT_DECOR_ID},
    {{4846.72, -15.7789, -2147.08}, {0.849235, -0.208611, -0.251097, -0.415008}, -1, DISH_DECOR_ID},
    {{5703.25, 0, -1932.01}, {0.998791, 3.72529e-09, -0.0491508, 8.9407e-08}, -1, DISHBASE_DECOR_ID},
    {{9390.07, 0, -550.028}, {0, 0, 0, 1}, 1.28005, BROKEN_BASE_DECOR_ID},
    {{-5781.66, 0, 2530.49}, {0, -0.292898, 0, 0.956144}, 1, CONSOLES_DECOR_ID},
    {{5497.49, 0, 1192.8}, {0, -0.292898, 0, 0.956144}, 1, CONSOLES_DECOR_ID},
    {{-1589.22, 0, 1874.98}, {8.9407e-08, 0.184693, -1.49012e-08, 0.982796}, 1, SEARCHLIGHT_DECOR_ID},
    {{1419.8, 0, 1874.98}, {0.982796, -1.49012e-08, 0.184693, 8.9407e-08}, -1, SEARCHLIGHT_DECOR_ID},
    {{1419.8, 0, -2458.02}, {0.982796, -1.49012e-08, 0.184693, 8.9407e-08}, -1, SEARCHLIGHT_DECOR_ID},
    {{-5779.03, -39.6337, -1901.23}, {-0.00720277, 0.34006, -0.0199136, 0.940165}, 1, CRATE_DECOR_ID},
    {{-3184.65, -25.934, 1754.01}, {-8.9407e-08, 1.86265e-09, -0.0211762, 0.999776}, 1, CRATE_DECOR_ID},
    {{-2663.08, -39.6337, 2115.1}, {-0.00720277, 0.34006, -0.0199136, 0.940165}, 1, CRATE_DECOR_ID},
    {{3282.25, -25.934, -3861.09}, {-8.9407e-08, 1.86265e-09, -0.0211762, 0.999776}, 1, CRATE_DECOR_ID},
    {{3803.82, -39.6337, -3500.01}, {-0.00720277, 0.34006, -0.0199136, 0.940165}, 1, CRATE_DECOR_ID},
    {{4525.55, -25.934, 1040}, {-8.9407e-08, 1.86265e-09, -0.0211762, 0.999776}, 1, CRATE_DECOR_ID},
    {{5047.12, -39.6337, 1401.08}, {-0.00720277, 0.34006, -0.0199136, 0.940165}, 1, CRATE_DECOR_ID},
    {{-9175.35, 0, -1726.47}, {0, 0, 0, 1}, 1.28005, BROKEN_BASE_DECOR_ID},
    {{7280.76, 0, 2239.28}, {0, 0, 0, 1}, 1.28005, BROKEN_BASE_DECOR_ID},
    {{1700.75, 0, 2511.77}, {0, -0.292898, 0, 0.956144}, 1, CONSOLES_DECOR_ID},
    {{40.201, 0, 3749.25}, {0, 0, 0, 1}, 1, ROCK001_DECOR_ID},
    {{2502.76, 0, 200}, {-2.98023e-08, 0.325633, 2.98023e-08, 0.945496}, 1, ROCK003_DECOR_ID},
    {{-3456.03, 0, 3152.73}, {0, 0, 0, 1}, 1, ROCK004_DECOR_ID},
    {{40.201, 0, -3760.05}, {-1.77636e-15, 0, -1, 4.37114e-08}, -1, ROCK001_DECOR_ID},
    {{-2513.57, 0, 200}, {-0.325633, 1.19209e-07, -0.945496, -1.49012e-08}, -1, ROCK003_DECOR_ID},
    {{-3456.03, 0, -3140.49}, {0, 0, 0, 1}, 1, ROCK004_DECOR_ID},
    {{4478.89, 0, -3140.49}, {0, 0, 0, 1}, 1, ROCK004_DECOR_ID},
    {{4478.89, 0, 3061.52}, {0, 0, 0, 1}, 1, ROCK004_DECOR_ID},
    {{6844.83, 0, 250.245}, {0, 0, 0, 1}, 1, ROCK004_DECOR_ID},
    {{-7039.73, 0, -1532.76}, {0, 0, 0, 1}, 1, ROCK004_DECOR_ID},
};
struct Vector3 Spirit_PathingNodes[] = {
    {-1454.19, 0.0f, 3063.96},
    {-3562.56, 0.0f, 4187.14},
    {-5343.28, 0.0f, 3432.11},
    {274.637, 0.0f, -414.246},
    {-696.924, 0.0f, 1667.87},
    {-6368.98, 0.0f, 2477.65},
    {-6853.33, 0.0f, 497.484},
    {-7936.01, 0.0f, -1041.06},
    {-8192.44, 0.0f, -5300.54},
    {-5217.92, 0.0f, -4753.51},
    {-5337.58, 0.0f, -958.434},
    {-4668.03, 0.0f, 1976.19},
    {-2255.41, 0.0f, -1183.52},
    {2120.89, 0.0f, -1063.85},
    {3163.68, 0.0f, -3217.81},
    {4462.89, 0.0f, -901.451},
    {6804.9, 0.0f, -739.049},
    {6223.67, 0.0f, -4158.03},
    {3727.81, 0.0f, -3884.52},
    {2959.29, 0.0f, 2046.75},
    {2860.48, 0.0f, 4005.66},
    {6907.47, 0.0f, 5580.38},
    {8559.98, 0.0f, 1705.53},
    {7505.79, 0.0f, -673.518},
};
char Spirit_BasesPathNodes[] = {
    8,
    17,
    2,
    21,
    3,
    14,
    6,
    0,
    16,
    9,
    20,
};
unsigned short Spirit_NodeDistances[] = {
    0, 2388, 4323, 3885, 1588, 5724, 6031, 7912, 12180, 10199, 6402, 3392, 6530, 5843, 8236, 8190, 10538, 11620, 9109, 7527, 9489, 13831, 13844, 11242, 
    2388, 0, 1934, 6274, 3977, 3335, 5373, 7255, 11522, 10346, 6549, 3539, 8919, 8231, 10625, 10579, 12927, 14009, 11498, 9916, 11878, 16220, 16233, 13631, 
    4323, 1934, 0, 8208, 5911, 1401, 3439, 5320, 9588, 8411, 4614, 1604, 7705, 10166, 12559, 12513, 14861, 15943, 13432, 11850, 13812, 18154, 18167, 15565, 
    3885, 6274, 8208, 0, 2297, 9610, 7836, 9717, 12556, 9531, 5734, 7278, 2644, 1957, 4350, 4304, 6652, 7734, 5223, 3641, 5603, 9945, 9958, 7356, 
    1588, 3977, 5911, 2297, 0, 7312, 7619, 9501, 13768, 11788, 7991, 4981, 4942, 4254, 6647, 6602, 8950, 10032, 7521, 5939, 7901, 12243, 12256, 9654, 
    5724, 3335, 1401, 9610, 7312, 0, 2038, 3919, 8187, 7937, 4140, 3005, 7230, 11567, 13960, 13914, 16262, 17344, 14833, 13251, 15213, 19555, 19568, 16966, 
    6031, 5373, 3439, 7836, 7619, 2038, 0, 1881, 6148, 5898, 2101, 2638, 5192, 9793, 12186, 12141, 14488, 15570, 13060, 11478, 13439, 17782, 17795, 15192, 
    7912, 7255, 5320, 9717, 9501, 3919, 1881, 0, 4267, 7291, 3983, 4519, 7073, 11675, 14068, 14022, 16370, 17452, 14941, 13359, 15321, 19663, 19676, 17074, 
    12180, 11522, 9588, 12556, 13768, 8187, 6148, 4267, 0, 3024, 6821, 8787, 9911, 14513, 16906, 16860, 19208, 20290, 17779, 16198, 18159, 22502, 22514, 19912, 
    10199, 10346, 8411, 9531, 11788, 7937, 5898, 7291, 3024, 0, 3796, 6807, 6887, 11488, 13882, 13836, 16184, 17266, 14755, 13173, 15135, 19477, 19490, 16888, 
    6402, 6549, 4614, 5734, 7991, 4140, 2101, 3983, 6821, 3796, 0, 3010, 3090, 7691, 10085, 10039, 12387, 13469, 10958, 9376, 11338, 15680, 15693, 13091, 
    3392, 3539, 1604, 7278, 4981, 3005, 2638, 4519, 8787, 6807, 3010, 0, 6100, 9236, 11629, 11583, 13931, 15013, 12502, 10920, 12882, 17224, 17237, 14635, 
    6530, 8919, 7705, 2644, 4942, 7230, 5192, 7073, 9911, 6887, 3090, 6100, 0, 4601, 6994, 6949, 9296, 10378, 7868, 6286, 8247, 12590, 12602, 10000, 
    5843, 8231, 10166, 1957, 4254, 11567, 9793, 11675, 14513, 11488, 7691, 9236, 4601, 0, 2393, 2347, 4695, 5777, 3266, 5599, 7560, 11903, 8001, 5399, 
    8236, 10625, 12559, 4350, 6647, 13960, 12186, 14068, 16906, 13882, 10085, 11629, 6994, 2393, 0, 4740, 6852, 3384, 873, 7992, 9953, 14296, 10158, 7556, 
    8190, 10579, 12513, 4304, 6602, 13914, 12141, 14022, 16860, 13836, 10039, 11583, 6949, 2347, 4740, 0, 2347, 5815, 5614, 3309, 5270, 9613, 5653, 3051, 
    10538, 12927, 14861, 6652, 8950, 16262, 14488, 16370, 19208, 16184, 12387, 13931, 9296, 4695, 6852, 2347, 0, 3468, 5978, 5657, 7618, 7518, 3306, 703, 
    11620, 14009, 15943, 7734, 10032, 17344, 15570, 17452, 20290, 17266, 13469, 15013, 10378, 5777, 3384, 5815, 3468, 0, 2510, 9125, 11086, 10986, 6774, 4171, 
    9109, 11498, 13432, 5223, 7521, 14833, 13060, 14941, 17779, 14755, 10958, 12502, 7868, 3266, 873, 5614, 5978, 2510, 0, 8865, 10827, 13497, 9284, 6682, 
    7527, 9916, 11850, 3641, 5939, 13251, 11478, 13359, 16198, 13173, 9376, 10920, 6286, 5599, 7992, 3309, 5657, 9125, 8865, 0, 1961, 6303, 8963, 6361, 
    9489, 11878, 13812, 5603, 7901, 15213, 13439, 15321, 18159, 15135, 11338, 12882, 8247, 7560, 9953, 5270, 7618, 11086, 10827, 1961, 0, 4342, 8555, 8322, 
    13831, 16220, 18154, 9945, 12243, 19555, 17782, 19663, 22502, 19477, 15680, 17224, 12590, 11903, 14296, 9613, 7518, 10986, 13497, 6303, 4342, 0, 4212, 6814, 
    13844, 16233, 18167, 9958, 12256, 19568, 17795, 19676, 22514, 19490, 15693, 17237, 12602, 8001, 10158, 5653, 3306, 6774, 9284, 8963, 8555, 4212, 0, 2602, 
    11242, 13631, 15565, 7356, 9654, 16966, 15192, 17074, 19912, 16888, 13091, 14635, 10000, 5399, 7556, 3051, 703, 4171, 6682, 6361, 8322, 6814, 2602, 0, 
};
char Spirit_NextNode[] = {
    0, 1, 1, 4, 4, 1, 11, 11, 11, 11, 11, 11, 4, 4, 4, 4, 4, 4, 4, 4, 4, 4, 4, 4, 
    0, 1, 2, 0, 0, 2, 2, 2, 2, 2, 2, 2, 0, 0, 0, 0, 0, 0, 0, 0, 0, 0, 0, 0, 
    1, 1, 2, 1, 1, 5, 5, 5, 5, 11, 11, 11, 11, 1, 1, 1, 1, 1, 1, 1, 1, 1, 1, 1, 
    4, 4, 4, 3, 4, 4, 12, 12, 12, 12, 12, 4, 12, 13, 13, 13, 13, 13, 13, 19, 19, 19, 13, 13, 
    0, 0, 0, 3, 4, 0, 0, 0, 0, 0, 0, 0, 3, 3, 3, 3, 3, 3, 3, 3, 3, 3, 3, 3, 
    2, 2, 2, 2, 2, 5, 6, 6, 6, 6, 6, 2, 6, 2, 2, 2, 2, 2, 2, 2, 2, 2, 2, 2, 
    11, 5, 5, 10, 11, 5, 6, 7, 7, 10, 10, 11, 10, 10, 10, 10, 10, 10, 10, 10, 10, 10, 10, 10, 
    6, 6, 6, 6, 6, 6, 6, 7, 8, 8, 6, 6, 6, 6, 6, 6, 6, 6, 6, 6, 6, 6, 6, 6, 
    7, 7, 7, 9, 7, 7, 7, 7, 8, 9, 9, 7, 9, 9, 9, 9, 9, 9, 9, 9, 9, 9, 9, 9, 
    10, 10, 10, 10, 10, 10, 10, 8, 8, 9, 10, 10, 10, 10, 10, 10, 10, 10, 10, 10, 10, 10, 10, 10, 
    11, 11, 11, 12, 11, 6, 6, 6, 9, 9, 10, 11, 12, 12, 12, 12, 12, 12, 12, 12, 12, 12, 12, 12, 
    0, 2, 2, 0, 0, 2, 6, 6, 6, 10, 10, 11, 10, 0, 0, 0, 0, 0, 0, 0, 0, 0, 0, 0, 
    3, 3, 10, 3, 3, 10, 10, 10, 10, 10, 10, 10, 12, 3, 3, 3, 3, 3, 3, 3, 3, 3, 3, 3, 
    3, 3, 3, 3, 3, 3, 3, 3, 3, 3, 3, 3, 3, 13, 14, 15, 15, 14, 14, 3, 3, 3, 15, 15, 
    13, 13, 13, 13, 13, 13, 13, 13, 13, 13, 13, 13, 13, 13, 14, 13, 18, 18, 18, 13, 13, 13, 18, 18, 
    13, 13, 13, 13, 13, 13, 13, 13, 13, 13, 13, 13, 13, 13, 13, 15, 16, 16, 13, 19, 19, 19, 16, 16, 
    15, 15, 15, 15, 15, 15, 15, 15, 15, 15, 15, 15, 15, 15, 17, 15, 16, 17, 17, 15, 15, 23, 23, 23, 
    18, 18, 18, 18, 18, 18, 18, 18, 18, 18, 18, 18, 18, 18, 18, 16, 16, 17, 18, 16, 16, 16, 16, 16, 
    14, 14, 14, 14, 14, 14, 14, 14, 14, 14, 14, 14, 14, 14, 14, 14, 17, 17, 18, 14, 14, 17, 17, 17, 
    3, 3, 3, 3, 3, 3, 3, 3, 3, 3, 3, 3, 3, 3, 3, 15, 15, 15, 3, 19, 20, 20, 15, 15, 
    19, 19, 19, 19, 19, 19, 19, 19, 19, 19, 19, 19, 19, 19, 19, 19, 19, 19, 19, 19, 20, 21, 21, 19, 
    20, 20, 20, 20, 20, 20, 20, 20, 20, 20, 20, 20, 20, 20, 20, 20, 22, 22, 22, 20, 20, 21, 22, 22, 
    23, 23, 23, 23, 23, 23, 23, 23, 23, 23, 23, 23, 23, 23, 23, 23, 23, 23, 23, 23, 21, 21, 22, 23, 
    16, 16, 16, 16, 16, 16, 16, 16, 16, 16, 16, 16, 16, 16, 16, 16, 16, 16, 16, 16, 16, 22, 22, 23, 
};
struct LevelDefinition Spirit_Definition = {
    .maxPlayerCount = 4,
    .playerStartLocations = Spirit_StartingPositions,
    .baseCount = 11,
    .decorCount = 34,
    .bases = Spirit_Bases,
    .decor = Spirit_Decor,
    .levelBoundaries = {{-11836.2, -6978.78}, {11623.5, 7223.06}},
    .sceneRender = Spirit_model_gfx,
    .theme = &MarsTheme,
    .staticScene = {Spirit_Boundary, 16},
    .pathfinding = {.nodeCount = 24, .baseNodes = Spirit_BasesPathNodes, .nodeDistances = Spirit_NodeDistances, .nodePositions = Spirit_PathingNodes, .nextNode = Spirit_NextNode},
    .aiDifficulty = 1,
};

