#include "level.h"
#include "../../level_themes/Mars/theme.h"
#include "sk64/skelatool_defs.h"
#include <ultra64.h>

Vtx Course_01_Grid_001_color[] = {
    {{{4007, 0, 0}, 0, {-763, 8}, {203, 98, 97, 255}}},
    {{{4783, 524, 2}, 0, {-764, 542}, {203, 98, 97, 255}}},
    {{{4783, 524, -4662}, 0, {559, 555}, {202, 93, 92, 255}}},
    {{{4007, 0, -4007}, 0, {358, 5}, {202, 93, 92, 255}}},
    {{{4783, 524, -4662}, 0, {559, 555}, {202, 93, 92, 255}}},
    {{{4783, 524, 2}, 0, {-764, 542}, {203, 98, 97, 255}}},
    {{{5780, 524, -12}, 0, {-761, 991}, {203, 98, 97, 255}}},
    {{{5780, 524, -5360}, 0, {735, 1012}, {202, 93, 92, 255}}},
    {{{-2, 524, -5360}, 0, {2002, 996}, {202, 92, 91, 255}}},
    {{{0, 524, -4662}, 0, {2000, 536}, {202, 92, 91, 255}}},
    {{{4007, 0, -4007}, 0, {358, 5}, {202, 93, 92, 255}}},
    {{{4783, 524, -4662}, 0, {559, 555}, {202, 93, 92, 255}}},
    {{{0, 524, -4662}, 0, {2000, 536}, {202, 92, 91, 255}}},
    {{{0, 0, -4007}, 0, {1999, -16}, {202, 92, 91, 255}}},
    {{{-4007, 0, 0}, 0, {-763, 8}, {203, 98, 97, 255}}},
    {{{-4007, 0, -4007}, 0, {358, 5}, {202, 93, 92, 255}}},
    {{{-4783, 524, -4662}, 0, {559, 555}, {202, 93, 92, 255}}},
    {{{-4783, 524, 2}, 0, {-764, 542}, {203, 98, 97, 255}}},
    {{{-4783, 524, -4662}, 0, {559, 555}, {202, 93, 92, 255}}},
    {{{0, 524, -4662}, 0, {2000, 536}, {202, 92, 91, 255}}},
    {{{2, 524, -5360}, 0, {2002, 996}, {202, 92, 91, 255}}},
    {{{-5780, 524, -5360}, 0, {735, 1012}, {202, 93, 92, 255}}},
    {{{-5780, 524, -12}, 0, {-761, 991}, {203, 98, 97, 255}}},
    {{{-4783, 524, 2}, 0, {-764, 542}, {203, 98, 97, 255}}},
    {{{-4007, 0, -4007}, 0, {358, 5}, {202, 93, 92, 255}}},
    {{{0, 524, -4662}, 0, {2000, 536}, {202, 92, 91, 255}}},
    {{{-4783, 524, -4662}, 0, {559, 555}, {202, 93, 92, 255}}},
    {{{4007, 0, 4007}, 0, {358, 5}, {202, 93, 92, 255}}},
    {{{4783, 524, 4662}, 0, {559, 555}, {202, 93, 92, 255}}},
    {{{4783, 524, -2}, 0, {-764, 542}, {203, 98, 97, 255}}},
    {{{4783, 524, 4662}, 0, {559, 555}, {202, 93, 92, 255}}},
    {{{0, 524, 4662}, 0, {2000, 536}, {202, 92, 91, 255}}},
    {{{-2, 524, 5360}, 0, {2002, 996}, {202, 92, 91, 255}}},
    {{{5780, 524, 5360}, 0, {735, 1012}, {202, 93, 92, 255}}},
    {{{5780, 524, 12}, 0, {-761, 991}, {203, 98, 97, 255}}},
    {{{4783, 524, -2}, 0, {-764, 542}, {203, 98, 97, 255}}},
    {{{4007, 0, 4007}, 0, {358, 5}, {202, 93, 92, 255}}},
    {{{0, 0, 4007}, 0, {1999, -16}, {202, 92, 91, 255}}},
    {{{0, 524, 4662}, 0, {2000, 536}, {202, 92, 91, 255}}},
    {{{4783, 524, 4662}, 0, {559, 555}, {202, 93, 92, 255}}},
    {{{-4783, 524, -2}, 0, {-764, 542}, {203, 98, 97, 255}}},
    {{{-4783, 524, 4662}, 0, {559, 555}, {202, 93, 92, 255}}},
    {{{-4007, 0, 4007}, 0, {358, 5}, {202, 93, 92, 255}}},
    {{{-4783, 524, 4662}, 0, {559, 555}, {202, 93, 92, 255}}},
    {{{-4783, 524, -2}, 0, {-764, 542}, {203, 98, 97, 255}}},
    {{{-5780, 524, 12}, 0, {-761, 991}, {203, 98, 97, 255}}},
    {{{-5780, 524, 5360}, 0, {735, 1012}, {202, 93, 92, 255}}},
    {{{2, 524, 5360}, 0, {2002, 996}, {202, 92, 91, 255}}},
    {{{0, 524, 4662}, 0, {2000, 536}, {202, 92, 91, 255}}},
    {{{-4007, 0, 4007}, 0, {358, 5}, {202, 93, 92, 255}}},
    {{{-4783, 524, 4662}, 0, {559, 555}, {202, 93, 92, 255}}},
    {{{0, 524, 4662}, 0, {2000, 536}, {202, 92, 91, 255}}},
};


Vtx Course_01_Grid_color[] = {
    {{{-4007, 0, 4007}, 0, {-1806, 2830}, {202, 93, 92, 255}}},
    {{{4007, 0, 4007}, 0, {2830, 2830}, {202, 93, 92, 255}}},
    {{{4007, 0, -4007}, 0, {2830, -1806}, {202, 93, 92, 255}}},
    {{{-4007, 0, -4007}, 0, {-1806, -1806}, {202, 93, 92, 255}}},
};


Gfx Course_01_model_gfx[] = {
    // Material Rock
    gsSPDisplayList(Mars_Rock),
    // End Material Rock
    gsSPVertex(&Course_01_Grid_001_color[0], 30, 0),
    gsSP2Triangles(0, 1, 2, 0, 0, 2, 3, 0),
    gsSP2Triangles(4, 5, 6, 0, 7, 4, 6, 0),
    gsSP2Triangles(4, 7, 8, 0, 9, 4, 8, 0),
    gsSP2Triangles(10, 11, 12, 0, 10, 12, 13, 0),
    gsSP2Triangles(14, 15, 16, 0, 14, 16, 17, 0),
    gsSP2Triangles(18, 19, 20, 0, 21, 18, 20, 0),
    gsSP2Triangles(18, 21, 22, 0, 23, 18, 22, 0),
    gsSP2Triangles(24, 13, 25, 0, 24, 25, 26, 0),
    gsSP2Triangles(0, 27, 28, 0, 0, 28, 29, 0),
    gsSPVertex(&Course_01_Grid_001_color[14], 1, 0),
    gsSPVertex(&Course_01_Grid_001_color[30], 22, 1),
    gsSP2Triangles(1, 2, 3, 0, 4, 1, 3, 0),
    gsSP2Triangles(1, 4, 5, 0, 6, 1, 5, 0),
    gsSP2Triangles(7, 8, 9, 0, 7, 9, 10, 0),
    gsSP2Triangles(0, 11, 12, 0, 0, 12, 13, 0),
    gsSP2Triangles(14, 15, 16, 0, 17, 14, 16, 0),
    gsSP2Triangles(14, 17, 18, 0, 19, 14, 18, 0),
    gsSP2Triangles(20, 21, 22, 0, 20, 22, 8, 0),
    // Material Ground
    gsSPDisplayList(Mars_Ground),
    // End Material Ground
    gsSPVertex(&Course_01_Grid_color[0], 4, 0),
    gsSP2Triangles(0, 1, 2, 0, 0, 2, 3, 0),
    // Begin decor
    gsSPDisplayList(Mars_Crate),
    gsSPMatrix((Mtx*)MATRIX_TRANSFORM_SEGMENT_ADDRESS + 30, G_MTX_MODELVIEW | G_MTX_MUL | G_MTX_PUSH),
    gsSPDisplayList(Mars_CrateDisplayList),
    gsSPPopMatrix(G_MTX_MODELVIEW),
    gsSPMatrix((Mtx*)MATRIX_TRANSFORM_SEGMENT_ADDRESS + 29, G_MTX_MODELVIEW | G_MTX_MUL | G_MTX_PUSH),
    gsSPDisplayList(Mars_CrateDisplayList),
    gsSPPopMatrix(G_MTX_MODELVIEW),
    gsSPMatrix((Mtx*)MATRIX_TRANSFORM_SEGMENT_ADDRESS + 26, G_MTX_MODELVIEW | G_MTX_MUL | G_MTX_PUSH),
    gsSPDisplayList(Mars_CrateDisplayList),
    gsSPPopMatrix(G_MTX_MODELVIEW),
    gsSPMatrix((Mtx*)MATRIX_TRANSFORM_SEGMENT_ADDRESS + 25, G_MTX_MODELVIEW | G_MTX_MUL | G_MTX_PUSH),
    gsSPDisplayList(Mars_CrateDisplayList),
    gsSPPopMatrix(G_MTX_MODELVIEW),
    gsSPMatrix((Mtx*)MATRIX_TRANSFORM_SEGMENT_ADDRESS + 5, G_MTX_MODELVIEW | G_MTX_MUL | G_MTX_PUSH),
    gsSPDisplayList(Mars_CrateDisplayList),
    gsSPPopMatrix(G_MTX_MODELVIEW),
    gsSPMatrix((Mtx*)MATRIX_TRANSFORM_SEGMENT_ADDRESS + 24, G_MTX_MODELVIEW | G_MTX_MUL | G_MTX_PUSH),
    gsSPDisplayList(Mars_CrateDisplayList),
    gsSPPopMatrix(G_MTX_MODELVIEW),
    gsSPMatrix((Mtx*)MATRIX_TRANSFORM_SEGMENT_ADDRESS + 23, G_MTX_MODELVIEW | G_MTX_MUL | G_MTX_PUSH),
    gsSPDisplayList(Mars_CrateDisplayList),
    gsSPPopMatrix(G_MTX_MODELVIEW),
    gsSPMatrix((Mtx*)MATRIX_TRANSFORM_SEGMENT_ADDRESS + 22, G_MTX_MODELVIEW | G_MTX_MUL | G_MTX_PUSH),
    gsSPDisplayList(Mars_CrateDisplayList),
    gsSPPopMatrix(G_MTX_MODELVIEW),
    gsSPMatrix((Mtx*)MATRIX_TRANSFORM_SEGMENT_ADDRESS + 21, G_MTX_MODELVIEW | G_MTX_MUL | G_MTX_PUSH),
    gsSPDisplayList(Mars_CrateDisplayList),
    gsSPPopMatrix(G_MTX_MODELVIEW),
    gsSPMatrix((Mtx*)MATRIX_TRANSFORM_SEGMENT_ADDRESS + 20, G_MTX_MODELVIEW | G_MTX_MUL | G_MTX_PUSH),
    gsSPDisplayList(Mars_CrateDisplayList),
    gsSPPopMatrix(G_MTX_MODELVIEW),
    gsSPMatrix((Mtx*)MATRIX_TRANSFORM_SEGMENT_ADDRESS + 19, G_MTX_MODELVIEW | G_MTX_MUL | G_MTX_PUSH),
    gsSPDisplayList(Mars_CrateDisplayList),
    gsSPPopMatrix(G_MTX_MODELVIEW),
    gsSPMatrix((Mtx*)MATRIX_TRANSFORM_SEGMENT_ADDRESS + 18, G_MTX_MODELVIEW | G_MTX_MUL | G_MTX_PUSH),
    gsSPDisplayList(Mars_CrateDisplayList),
    gsSPPopMatrix(G_MTX_MODELVIEW),
    gsSPDisplayList(Mars_Metal),
    gsSPMatrix((Mtx*)MATRIX_TRANSFORM_SEGMENT_ADDRESS + 15, G_MTX_MODELVIEW | G_MTX_MUL | G_MTX_PUSH),
    gsSPDisplayList(Mars_Broken_BaseDisplayList),
    gsSPPopMatrix(G_MTX_MODELVIEW),
    gsSPMatrix((Mtx*)MATRIX_TRANSFORM_SEGMENT_ADDRESS + 9, G_MTX_MODELVIEW | G_MTX_MUL | G_MTX_PUSH),
    gsSPDisplayList(Mars_Broken_BaseDisplayList),
    gsSPPopMatrix(G_MTX_MODELVIEW),
    gsSPDisplayList(Mars_Rock),
    gsSPMatrix((Mtx*)MATRIX_TRANSFORM_SEGMENT_ADDRESS + 2, G_MTX_MODELVIEW | G_MTX_MUL | G_MTX_PUSH),
    gsSPDisplayList(Mars_Rock001DisplayList),
    gsSPPopMatrix(G_MTX_MODELVIEW),
    gsSPMatrix((Mtx*)MATRIX_TRANSFORM_SEGMENT_ADDRESS + 10, G_MTX_MODELVIEW | G_MTX_MUL | G_MTX_PUSH),
    gsSPDisplayList(Mars_Rock001DisplayList),
    gsSPPopMatrix(G_MTX_MODELVIEW),
    gsSPMatrix((Mtx*)MATRIX_TRANSFORM_SEGMENT_ADDRESS + 1, G_MTX_MODELVIEW | G_MTX_MUL | G_MTX_PUSH),
    gsSPDisplayList(Mars_Rock002DisplayList),
    gsSPPopMatrix(G_MTX_MODELVIEW),
    gsSPMatrix((Mtx*)MATRIX_TRANSFORM_SEGMENT_ADDRESS + 11, G_MTX_MODELVIEW | G_MTX_MUL | G_MTX_PUSH),
    gsSPDisplayList(Mars_Rock002DisplayList),
    gsSPPopMatrix(G_MTX_MODELVIEW),
    gsSPMatrix((Mtx*)MATRIX_TRANSFORM_SEGMENT_ADDRESS + 14, G_MTX_MODELVIEW | G_MTX_MUL | G_MTX_PUSH),
    gsSPDisplayList(Mars_Rock003DisplayList),
    gsSPPopMatrix(G_MTX_MODELVIEW),
    gsSPMatrix((Mtx*)MATRIX_TRANSFORM_SEGMENT_ADDRESS + 3, G_MTX_MODELVIEW | G_MTX_MUL | G_MTX_PUSH),
    gsSPDisplayList(Mars_Rock003DisplayList),
    gsSPPopMatrix(G_MTX_MODELVIEW),
    gsSPMatrix((Mtx*)MATRIX_TRANSFORM_SEGMENT_ADDRESS + 12, G_MTX_MODELVIEW | G_MTX_MUL | G_MTX_PUSH),
    gsSPDisplayList(Mars_Rock003DisplayList),
    gsSPPopMatrix(G_MTX_MODELVIEW),
    gsSPMatrix((Mtx*)MATRIX_TRANSFORM_SEGMENT_ADDRESS + 13, G_MTX_MODELVIEW | G_MTX_MUL | G_MTX_PUSH),
    gsSPDisplayList(Mars_Rock003DisplayList),
    gsSPPopMatrix(G_MTX_MODELVIEW),
    gsSPMatrix((Mtx*)MATRIX_TRANSFORM_SEGMENT_ADDRESS + 0, G_MTX_MODELVIEW | G_MTX_MUL | G_MTX_PUSH),
    gsSPDisplayList(Mars_Rock004DisplayList),
    gsSPPopMatrix(G_MTX_MODELVIEW),
    gsSPDisplayList(Mars_SetTextures1),
    gsSPMatrix((Mtx*)MATRIX_TRANSFORM_SEGMENT_ADDRESS + 4, G_MTX_MODELVIEW | G_MTX_MUL | G_MTX_PUSH),
    gsSPDisplayList(Mars_ConsoleBDisplayList),
    gsSPPopMatrix(G_MTX_MODELVIEW),
    gsSPMatrix((Mtx*)MATRIX_TRANSFORM_SEGMENT_ADDRESS + 16, G_MTX_MODELVIEW | G_MTX_MUL | G_MTX_PUSH),
    gsSPDisplayList(Mars_ConsoleBDisplayList),
    gsSPPopMatrix(G_MTX_MODELVIEW),
    gsSPMatrix((Mtx*)MATRIX_TRANSFORM_SEGMENT_ADDRESS + 8, G_MTX_MODELVIEW | G_MTX_MUL | G_MTX_PUSH),
    gsSPDisplayList(Mars_DishDisplayList),
    gsSPPopMatrix(G_MTX_MODELVIEW),
    gsSPMatrix((Mtx*)MATRIX_TRANSFORM_SEGMENT_ADDRESS + 27, G_MTX_MODELVIEW | G_MTX_MUL | G_MTX_PUSH),
    gsSPDisplayList(Mars_DishDisplayList),
    gsSPPopMatrix(G_MTX_MODELVIEW),
    gsSPMatrix((Mtx*)MATRIX_TRANSFORM_SEGMENT_ADDRESS + 7, G_MTX_MODELVIEW | G_MTX_MUL | G_MTX_PUSH),
    gsSPDisplayList(Mars_DishBaseDisplayList),
    gsSPPopMatrix(G_MTX_MODELVIEW),
    gsSPMatrix((Mtx*)MATRIX_TRANSFORM_SEGMENT_ADDRESS + 28, G_MTX_MODELVIEW | G_MTX_MUL | G_MTX_PUSH),
    gsSPDisplayList(Mars_DishBaseDisplayList),
    gsSPPopMatrix(G_MTX_MODELVIEW),
    gsSPMatrix((Mtx*)MATRIX_TRANSFORM_SEGMENT_ADDRESS + 17, G_MTX_MODELVIEW | G_MTX_MUL | G_MTX_PUSH),
    gsSPDisplayList(Mars_SearchlightDisplayList),
    gsSPPopMatrix(G_MTX_MODELVIEW),
    gsSPMatrix((Mtx*)MATRIX_TRANSFORM_SEGMENT_ADDRESS + 6, G_MTX_MODELVIEW | G_MTX_MUL | G_MTX_PUSH),
    gsSPDisplayList(Mars_SearchlightDisplayList),
    gsSPPopMatrix(G_MTX_MODELVIEW),
    gsSPEndDisplayList(),
};
struct BaseDefinition Course_01_Bases[] = {
    {.position = {-3567.56, -3334.73}, .startingTeam = TEAM(0)},
    {.position = {3002.98, 3734.04}, .startingTeam = TEAM(1)},
    {.position = {3694.97, -3654.04}, .startingTeam = TEAM(2)},
    {.position = {-2463.31, 3685.58}, .startingTeam = TEAM(3)},
    {.position = {1125.61, -1075.93}, .startingTeam = TEAM_NONE},
    {.position = {-134.36, 2137.7}, .startingTeam = TEAM_NONE},
    {.position = {-997.935, -3097.54}, .startingTeam = TEAM_NONE},
    {.position = {3028.31, 911.709}, .startingTeam = TEAM_NONE},
    {.position = {-3580.17, 537.965}, .startingTeam = TEAM_NONE},
};

struct Vector2 Course_01_StartingPositions[] = {
    {-3567.56, -3334.73},
    {3002.98, 3734.04},
    {3694.97, -3654.04},
    {-2463.31, 3685.58},
};

struct SceneBoundary Course_01_Boundary[] = {
    {{4046.9, -4046.9}, {-1, 0}, 8093.81},
    {{4046.9, 4046.9}, {-0, -1}, 8093.81},
    {{-4046.9, 4046.9}, {1, 0}, 8093.81},
    {{-4046.9, -4046.9}, {-0, 1}, 8093.81},
};

struct DecorDefinition Course_01_Decor[] = {
    {{-55.3511, 0, 178.636}, {-5.96046e-08, 0, 0, 1}, 1, ROCK004_DECOR_ID},
    {{-2377.09, 0, 158.167}, {-5.96046e-08, 0, 0, 1}, 1, ROCK002_DECOR_ID},
    {{-44.0262, 0, 3788.55}, {-5.96046e-08, 0, 0, 1}, 1, ROCK001_DECOR_ID},
    {{-3141.57, 0, 2351.86}, {-5.96046e-08, 0, 0, 1}, 1, ROCK003_DECOR_ID},
    {{-1202.49, 0, 2457.56}, {2.98023e-08, -0.215582, 0, 0.976486}, 1, CONSOLEB_DECOR_ID},
    {{-1245.17, 0, -3769.88}, {-5.96046e-08, 0, 0, 1}, 1, CRATE_DECOR_ID},
    {{-1301.8, 0, -1897.56}, {9.50694e-06, 0.709928, -9.62615e-06, 0.704275}, 1, SEARCHLIGHT_DECOR_ID},
    {{-2629.74, 0, -3599.5}, {2.23517e-08, 0.981608, -1.49012e-07, 0.190909}, 1, DISHBASE_DECOR_ID},
    {{-2156.77, 136.501, -3498.3}, {0.223327, 0.839707, -0.407277, 0.281324}, 1, DISH_DECOR_ID},
    {{178.011, 0, -2693.11}, {0, 0.457917, 1.49012e-08, 0.888995}, 1.28005, BROKEN_BASE_DECOR_ID},
    {{54.1713, 0, -3755.73}, {2.13163e-14, 1, -1.49012e-07, 1.94707e-07}, 1, ROCK001_DECOR_ID},
    {{2167.29, 0, 158.167}, {-5.96046e-08, 0, 0, 1}, 1, ROCK002_DECOR_ID},
    {{-2801.8, 0, -2348.25}, {2.13163e-14, 1, -1.49012e-07, 1.94707e-07}, 1, ROCK003_DECOR_ID},
    {{2903.46, 0, -2150.06}, {0, 0.993914, -1.78814e-07, 0.110159}, 1, ROCK003_DECOR_ID},
    {{2733.57, 0, 2366.02}, {-9.31323e-09, 0.999223, -8.9407e-08, -0.039423}, 1, ROCK003_DECOR_ID},
    {{1423.82, 0, 2247.67}, {-1.49012e-07, -0.0492292, -3.72529e-09, 0.998788}, 1.28005, BROKEN_BASE_DECOR_ID},
    {{1416.55, 0, -3261.85}, {2.98023e-08, -0.531953, 0, 0.846774}, 1, CONSOLEB_DECOR_ID},
    {{1128.48, 0, 1705.39}, {-1.49012e-07, 0.16873, 1.49012e-08, 0.985662}, 1, SEARCHLIGHT_DECOR_ID},
    {{1175.67, 0, -3727.41}, {-5.96046e-08, 0, 0, 1}, 1, CRATE_DECOR_ID},
    {{1770.26, 0, -1249.94}, {-5.96046e-08, 0, 0, 1}, 1, CRATE_DECOR_ID},
    {{1543.75, 0, -980.962}, {-5.96046e-08, 0, 0, 1}, 1, CRATE_DECOR_ID},
    {{-1811.45, 0, -1731.28}, {-5.96046e-08, 0, 0, 1}, 1, CRATE_DECOR_ID},
    {{-1471.69, 0, -1377.36}, {-5.96046e-08, 0, 0, 1}, 1, CRATE_DECOR_ID},
    {{1345.55, 0, 1340.78}, {-5.96046e-08, 0, 0, 1}, 1, CRATE_DECOR_ID},
    {{1628.69, 0, 1638.08}, {-5.96046e-08, 0, 0, 1}, 1, CRATE_DECOR_ID},
    {{-1839.77, 0, 1298.31}, {-5.96046e-08, 0, 0, 1}, 1, CRATE_DECOR_ID},
    {{-2094.59, 0, 1553.14}, {-5.96046e-08, 0, 0, 1}, 1, CRATE_DECOR_ID},
    {{2294.18, 136.501, 935.659}, {0.438365, -0.139939, 0.153579, 0.874452}, 1, DISH_DECOR_ID},
    {{2772.56, 0, 664.582}, {-1.11759e-08, 0.994716, -8.9407e-08, -0.102665}, 1, DISHBASE_DECOR_ID},
    {{920.841, 0, 3668.19}, {-5.96046e-08, 0, 0, 1}, 1, CRATE_DECOR_ID},
    {{-1746.33, 0, 3804.09}, {-5.96046e-08, 0, 0, 1}, 1, CRATE_DECOR_ID},
};
struct Vector3 Course_01_PathingNodes[] = {
    {-3620.26, 0.0f, 541.712},
    {-3377, 0.0f, -942.698},
    {2077.01, 0.0f, 3199.41},
    {3014.86, 0.0f, 3680.6},
    {1413.27, 0.0f, 477.432},
    {1131.64, 0.0f, -1068.9},
    {-922.135, 0.0f, -217.346},
    {-10.0695, 0.0f, 2554.31},
    {-2493.31, 0.0f, 3753.16},
    {3510.36, 0.0f, 2622.01},
    {3002.16, 0.0f, 947.349},
    {-2392.38, 0.0f, 1105.58},
    {-107.786, 0.0f, 2155.24},
    {-3615.09, 0.0f, -3384.53},
    {-957.224, 0.0f, -3089.61},
    {-2165.04, 0.0f, -3020.57},
    {-101.628, 0.0f, -2131.3},
    {2777.27, 0.0f, -3244.48},
    {3700.9, 0.0f, -3655.94},
    {3537.67, 0.0f, -1306.54},
    {1535.81, 0.0f, -467.903},
    {2852.29, 0.0f, -357.937},
    {2018.19, 0.0f, 1834.81},
    {-2916.35, 0.0f, -3443.34},
    {1462.6, 0.0f, 588.127},
    {3537.67, 0.0f, -1306.54},
};
char Course_01_BasesPathNodes[] = {
    13,
    3,
    18,
    8,
    5,
    12,
    14,
    10,
    0,
};
unsigned short Course_01_NodeDistances[] = {
    0, 1504, 7903, 9313, 7124, 5552, 3328, 6758, 4000, 10482, 8911, 1351, 5837, 3957, 6198, 5520, 7180, 8280, 9291, 8446, 6276, 7597, 7987, 4658, 
    1504, 0, 7134, 8544, 6354, 4783, 2559, 8262, 5504, 9713, 8142, 2855, 5068, 2453, 5211, 4016, 6410, 7510, 8522, 7677, 5507, 6828, 7218, 3154, 
    7903, 7134, 0, 1410, 2699, 4271, 4574, 4638, 4937, 2579, 2538, 6552, 2065, 9587, 7191, 8386, 5899, 6999, 7377, 5022, 3652, 3852, 1213, 9248, 
    9313, 8544, 1410, 0, 4110, 5682, 5984, 3227, 5985, 1168, 2918, 7962, 3476, 10998, 8602, 9797, 7309, 8409, 7758, 5403, 5063, 4232, 2624, 10659, 
    7124, 6354, 2699, 4110, 0, 1571, 3795, 7338, 6507, 4561, 2811, 5772, 3636, 7250, 4491, 5686, 3199, 4299, 5310, 3123, 953, 2274, 1486, 6549, 
    5552, 4783, 4271, 5682, 1571, 0, 2223, 8909, 6325, 5109, 3359, 4201, 3454, 5678, 2920, 4115, 1627, 2727, 3739, 2894, 724, 2045, 3057, 4977, 
    3328, 2559, 4574, 5984, 3795, 2223, 0, 7384, 4627, 7153, 5582, 1977, 2508, 5013, 2869, 4064, 3851, 4951, 5962, 5118, 2947, 4268, 4658, 4927, 
    6758, 8262, 4638, 3227, 7338, 8909, 7384, 0, 2757, 4396, 6146, 5406, 5628, 10715, 10254, 11449, 10537, 11637, 10985, 8630, 8291, 7460, 5851, 11416, 
    4000, 5504, 4937, 5985, 6507, 6325, 4627, 2757, 0, 7154, 6346, 2649, 2871, 7958, 7497, 8692, 7953, 9053, 10064, 8830, 7049, 7660, 5021, 8659, 
    10482, 9713, 2579, 1168, 4561, 5109, 7153, 4396, 7154, 0, 1750, 9131, 4645, 10787, 8029, 9224, 6737, 7600, 6589, 4234, 4385, 3063, 3075, 10086, 
    8911, 8142, 2538, 2918, 2811, 3359, 5582, 6146, 6346, 1750, 0, 7560, 3475, 9037, 6279, 7474, 4986, 5850, 4839, 2484, 2634, 1313, 1325, 8336, 
    1351, 2855, 6552, 7962, 5772, 4201, 1977, 5406, 2649, 9131, 7560, 0, 4486, 5308, 4847, 6042, 5828, 6928, 7940, 7095, 4925, 6246, 6636, 6009, 
    5837, 5068, 2065, 3476, 3636, 3454, 2508, 5628, 2871, 4645, 3475, 4486, 0, 7521, 5378, 6573, 5081, 6182, 7193, 5959, 4178, 4788, 2149, 7435, 
    3957, 2453, 9587, 10998, 7250, 5678, 5013, 10715, 7958, 10787, 9037, 5308, 7521, 0, 2758, 1563, 4050, 7137, 8148, 8573, 6402, 7723, 8736, 701, 
    6198, 5211, 7191, 8602, 4491, 2920, 2869, 10254, 7497, 8029, 6279, 4847, 5378, 2758, 0, 1195, 1292, 4378, 5390, 5814, 3644, 4965, 5977, 2057, 
    5520, 4016, 8386, 9797, 5686, 4115, 4064, 11449, 8692, 9224, 7474, 6042, 6573, 1563, 1195, 0, 2487, 5574, 6585, 7009, 4839, 6160, 7173, 862, 
    7180, 6410, 5899, 7309, 3199, 1627, 3851, 10537, 7953, 6737, 4986, 5828, 5081, 4050, 1292, 2487, 0, 3086, 4097, 4522, 2352, 3673, 4685, 3349, 
    8280, 7510, 6999, 8409, 4299, 2727, 4951, 11637, 9053, 7600, 5850, 6928, 6182, 7137, 4378, 5574, 3086, 0, 1011, 3366, 3452, 4536, 5785, 6436, 
    9291, 8522, 7377, 7758, 5310, 3739, 5962, 10985, 10064, 6589, 4839, 7940, 7193, 8148, 5390, 6585, 4097, 1011, 0, 2355, 4463, 3525, 6164, 7447, 
    8446, 7677, 5022, 5403, 3123, 2894, 5118, 8630, 8830, 4234, 2484, 7095, 5959, 8573, 5814, 7009, 4522, 3366, 2355, 0, 2170, 1170, 3809, 7871, 
    6276, 5507, 3652, 5063, 953, 724, 2947, 8291, 7049, 4385, 2634, 4925, 4178, 6402, 3644, 4839, 2352, 3452, 4463, 2170, 0, 1321, 2439, 5701, 
    7597, 6828, 3852, 4232, 2274, 2045, 4268, 7460, 7660, 3063, 1313, 6246, 4788, 7723, 4965, 6160, 3673, 4536, 3525, 1170, 1321, 0, 2638, 7022, 
    7987, 7218, 1213, 2624, 1486, 3057, 4658, 5851, 5021, 3075, 1325, 6636, 2149, 8736, 5977, 7173, 4685, 5785, 6164, 3809, 2439, 2638, 0, 8035, 
    4658, 3154, 9248, 10659, 6549, 4977, 4927, 11416, 8659, 10086, 8336, 6009, 7435, 701, 2057, 862, 3349, 6436, 7447, 7871, 5701, 7022, 8035, 0, 
};
char Course_01_NextNode[] = {
    0, 1, 11, 11, 11, 11, 11, 11, 11, 11, 11, 11, 11, 1, 11, 1, 11, 11, 11, 11, 11, 11, 11, 1, 
    0, 1, 6, 6, 6, 6, 6, 0, 0, 6, 6, 0, 6, 13, 13, 13, 6, 6, 6, 6, 6, 6, 6, 13, 
    12, 12, 2, 3, 22, 22, 12, 3, 12, 3, 22, 12, 12, 12, 22, 22, 22, 22, 22, 22, 22, 22, 22, 22, 
    2, 2, 2, 3, 2, 2, 2, 7, 7, 9, 9, 2, 2, 2, 2, 2, 2, 2, 9, 9, 2, 9, 2, 2, 
    5, 5, 22, 22, 4, 5, 5, 22, 22, 22, 22, 5, 22, 5, 5, 5, 5, 5, 5, 20, 20, 20, 22, 5, 
    6, 6, 4, 4, 4, 5, 6, 4, 12, 20, 20, 6, 12, 16, 16, 16, 16, 17, 17, 20, 20, 20, 4, 16, 
    11, 1, 12, 12, 5, 5, 6, 11, 11, 12, 5, 11, 12, 1, 14, 14, 5, 5, 5, 5, 5, 5, 12, 14, 
    8, 8, 3, 3, 3, 3, 8, 7, 8, 3, 3, 8, 8, 8, 8, 8, 3, 3, 3, 3, 3, 3, 3, 8, 
    11, 11, 12, 7, 12, 12, 11, 7, 8, 7, 12, 11, 12, 11, 11, 11, 12, 12, 12, 12, 12, 12, 12, 11, 
    3, 3, 3, 3, 10, 10, 3, 3, 3, 9, 10, 3, 3, 10, 10, 10, 10, 10, 10, 10, 10, 10, 10, 10, 
    21, 21, 22, 9, 22, 21, 21, 9, 22, 9, 10, 21, 22, 21, 21, 21, 21, 21, 21, 21, 21, 21, 22, 21, 
    0, 0, 6, 6, 6, 6, 6, 8, 8, 6, 6, 11, 6, 0, 6, 6, 6, 6, 6, 6, 6, 6, 6, 0, 
    6, 6, 2, 2, 22, 5, 6, 8, 8, 2, 22, 6, 12, 6, 6, 6, 5, 5, 5, 22, 5, 22, 22, 6, 
    1, 1, 1, 1, 23, 23, 1, 1, 1, 23, 23, 1, 1, 13, 23, 23, 23, 23, 23, 23, 23, 23, 23, 23, 
    6, 15, 16, 16, 16, 16, 6, 6, 6, 16, 16, 6, 6, 15, 14, 15, 16, 16, 16, 16, 16, 16, 16, 15, 
    23, 23, 14, 14, 14, 14, 14, 14, 14, 14, 14, 14, 14, 23, 14, 15, 14, 14, 14, 14, 14, 14, 14, 23, 
    5, 5, 5, 5, 5, 5, 5, 5, 5, 5, 5, 5, 5, 14, 14, 14, 16, 17, 17, 5, 5, 5, 5, 14, 
    5, 5, 5, 5, 5, 5, 5, 5, 5, 18, 18, 5, 5, 16, 16, 16, 16, 17, 18, 18, 5, 18, 5, 16, 
    17, 17, 19, 19, 17, 17, 17, 19, 17, 19, 19, 17, 17, 17, 17, 17, 17, 17, 18, 19, 17, 19, 19, 17, 
    20, 20, 21, 21, 20, 20, 20, 21, 21, 21, 21, 20, 21, 20, 20, 20, 20, 18, 18, 19, 20, 21, 21, 20, 
    5, 5, 4, 4, 4, 5, 5, 4, 5, 21, 21, 5, 5, 5, 5, 5, 5, 5, 5, 19, 20, 21, 4, 5, 
    20, 20, 10, 10, 20, 20, 20, 10, 10, 10, 10, 20, 10, 20, 20, 20, 20, 19, 19, 19, 20, 21, 10, 20, 
    12, 12, 2, 2, 4, 4, 12, 2, 12, 10, 10, 12, 12, 4, 4, 4, 4, 4, 10, 10, 4, 10, 22, 4, 
    13, 13, 15, 15, 15, 15, 15, 13, 13, 15, 15, 13, 15, 13, 15, 15, 15, 15, 15, 15, 15, 15, 15, 23, 
};
struct LevelDefinition Course_01_Definition = {
    .maxPlayerCount = 4,
    .playerStartLocations = Course_01_StartingPositions,
    .baseCount = 9,
    .decorCount = 31,
    .bases = Course_01_Bases,
    .decor = Course_01_Decor,
    .levelBoundaries = {{-4046.9, -4046.9}, {4046.9, 4046.9}},
    .sceneRender = Course_01_model_gfx,
    .theme = &MarsTheme,
    .staticScene = {Course_01_Boundary, 4},
    .pathfinding = {.nodeCount = 24, .baseNodes = Course_01_BasesPathNodes, .nodeDistances = Course_01_NodeDistances, .nodePositions = Course_01_PathingNodes, .nextNode = Course_01_NextNode},
};

