#include "level.h"
#include "../../level_themes/Mars/theme.h"
#include "sk64/skelatool_defs.h"
#include <ultra64.h>

Vtx Course_01_Grid_001_color[] = {
    {{{-4007, 0, 0}, 0, {-1526, 16}, {203, 98, 97, 255}}},
    {{{-4783, 524, -2}, 0, {-1529, 1085}, {203, 98, 97, 255}}},
    {{{-4783, 524, 4662}, 0, {1118, 1111}, {202, 93, 92, 255}}},
    {{{-4007, 0, 4007}, 0, {716, 11}, {202, 93, 92, 255}}},
    {{{-4783, 524, 4662}, 0, {1118, 1111}, {202, 93, 92, 255}}},
    {{{-4783, 524, -2}, 0, {-1529, 1085}, {203, 98, 97, 255}}},
    {{{-5780, 524, 12}, 0, {-1523, 1983}, {203, 98, 97, 255}}},
    {{{-5780, 524, 5360}, 0, {1470, 2024}, {202, 93, 92, 255}}},
    {{{2, 524, 5360}, 0, {4004, 1992}, {202, 92, 91, 255}}},
    {{{0, 524, 4662}, 0, {4001, 1073}, {202, 92, 91, 255}}},
    {{{-4007, 0, 4007}, 0, {716, 11}, {202, 93, 92, 255}}},
    {{{-4783, 524, 4662}, 0, {1118, 1111}, {202, 93, 92, 255}}},
    {{{0, 524, 4662}, 0, {4001, 1073}, {202, 92, 91, 255}}},
    {{{0, 0, 4007}, 0, {3999, -32}, {202, 92, 91, 255}}},
    {{{4007, 0, 0}, 0, {-1526, 16}, {203, 98, 97, 255}}},
    {{{4007, 0, 4007}, 0, {716, 11}, {202, 93, 92, 255}}},
    {{{4783, 524, 4662}, 0, {1118, 1111}, {202, 93, 92, 255}}},
    {{{4783, 524, -2}, 0, {-1529, 1085}, {203, 98, 97, 255}}},
    {{{4783, 524, 4662}, 0, {1118, 1111}, {202, 93, 92, 255}}},
    {{{0, 524, 4662}, 0, {4001, 1073}, {202, 92, 91, 255}}},
    {{{-2, 524, 5360}, 0, {4004, 1992}, {202, 92, 91, 255}}},
    {{{5780, 524, 5360}, 0, {1470, 2024}, {202, 93, 92, 255}}},
    {{{5780, 524, 12}, 0, {-1523, 1983}, {203, 98, 97, 255}}},
    {{{4783, 524, -2}, 0, {-1529, 1085}, {203, 98, 97, 255}}},
    {{{4007, 0, 4007}, 0, {716, 11}, {202, 93, 92, 255}}},
    {{{0, 524, 4662}, 0, {4001, 1073}, {202, 92, 91, 255}}},
    {{{4783, 524, 4662}, 0, {1118, 1111}, {202, 93, 92, 255}}},
    {{{-4007, 0, -4007}, 0, {716, 11}, {202, 93, 92, 255}}},
    {{{-4783, 524, -4662}, 0, {1118, 1111}, {202, 93, 92, 255}}},
    {{{-4783, 524, 2}, 0, {-1529, 1085}, {203, 98, 97, 255}}},
    {{{-4783, 524, -4662}, 0, {1118, 1111}, {202, 93, 92, 255}}},
    {{{0, 524, -4662}, 0, {4001, 1073}, {202, 92, 91, 255}}},
    {{{2, 524, -5360}, 0, {4004, 1992}, {202, 92, 91, 255}}},
    {{{-5780, 524, -5360}, 0, {1470, 2024}, {202, 93, 92, 255}}},
    {{{-5780, 524, -12}, 0, {-1523, 1983}, {203, 98, 97, 255}}},
    {{{-4783, 524, 2}, 0, {-1529, 1085}, {203, 98, 97, 255}}},
    {{{-4007, 0, -4007}, 0, {716, 11}, {202, 93, 92, 255}}},
    {{{0, 0, -4007}, 0, {3999, -32}, {202, 92, 91, 255}}},
    {{{0, 524, -4662}, 0, {4001, 1073}, {202, 92, 91, 255}}},
    {{{-4783, 524, -4662}, 0, {1118, 1111}, {202, 93, 92, 255}}},
    {{{4783, 524, 2}, 0, {-1529, 1085}, {203, 98, 97, 255}}},
    {{{4783, 524, -4662}, 0, {1118, 1111}, {202, 93, 92, 255}}},
    {{{4007, 0, -4007}, 0, {716, 11}, {202, 93, 92, 255}}},
    {{{4783, 524, -4662}, 0, {1118, 1111}, {202, 93, 92, 255}}},
    {{{4783, 524, 2}, 0, {-1529, 1085}, {203, 98, 97, 255}}},
    {{{5780, 524, -12}, 0, {-1523, 1983}, {203, 98, 97, 255}}},
    {{{5780, 524, -5360}, 0, {1470, 2024}, {202, 93, 92, 255}}},
    {{{-2, 524, -5360}, 0, {4004, 1992}, {202, 92, 91, 255}}},
    {{{0, 524, -4662}, 0, {4001, 1073}, {202, 92, 91, 255}}},
    {{{4007, 0, -4007}, 0, {716, 11}, {202, 93, 92, 255}}},
    {{{4783, 524, -4662}, 0, {1118, 1111}, {202, 93, 92, 255}}},
    {{{0, 524, -4662}, 0, {4001, 1073}, {202, 92, 91, 255}}},
};


Vtx Course_01_Grid_color[] = {
    {{{4007, 0, -4007}, 0, {-3613, 5661}, {202, 93, 92, 255}}},
    {{{-4007, 0, -4007}, 0, {5661, 5661}, {202, 93, 92, 255}}},
    {{{-4007, 0, 4007}, 0, {5661, -3613}, {202, 93, 92, 255}}},
    {{{4007, 0, 4007}, 0, {-3613, -3613}, {202, 93, 92, 255}}},
};


Gfx Course_01_model_gfx[] = {
    // Material Rock
    gsSPDisplayList(Mars_Rock),
    // End Material Rock
    gsSPVertex(&Course_01_Grid_001_color[0], 30, 0),
    gsSP2Triangles(0, 1, 2, 0, 0, 2, 3, 0),
    gsSP2Triangles(4, 5, 6, 0, 7, 4, 6, 0),
    gsSP2Triangles(4, 7, 8, 0, 9, 4, 8, 0),
    gsSP2Triangles(10, 11, 12, 0, 10, 12, 13, 0),
    gsSP2Triangles(14, 15, 16, 0, 14, 16, 17, 0),
    gsSP2Triangles(18, 19, 20, 0, 21, 18, 20, 0),
    gsSP2Triangles(18, 21, 22, 0, 23, 18, 22, 0),
    gsSP2Triangles(24, 13, 25, 0, 24, 25, 26, 0),
    gsSP2Triangles(0, 27, 28, 0, 0, 28, 29, 0),
    gsSPVertex(&Course_01_Grid_001_color[14], 1, 0),
    gsSPVertex(&Course_01_Grid_001_color[30], 22, 1),
    gsSP2Triangles(1, 2, 3, 0, 4, 1, 3, 0),
    gsSP2Triangles(1, 4, 5, 0, 6, 1, 5, 0),
    gsSP2Triangles(7, 8, 9, 0, 7, 9, 10, 0),
    gsSP2Triangles(0, 11, 12, 0, 0, 12, 13, 0),
    gsSP2Triangles(14, 15, 16, 0, 17, 14, 16, 0),
    gsSP2Triangles(14, 17, 18, 0, 19, 14, 18, 0),
    gsSP2Triangles(20, 21, 22, 0, 20, 22, 8, 0),
    // Material Ground
    gsSPDisplayList(Mars_Ground),
    // End Material Ground
    gsSPVertex(&Course_01_Grid_color[0], 4, 0),
    gsSP2Triangles(0, 1, 2, 0, 0, 2, 3, 0),
    // Begin decor
    gsSPDisplayList(Mars_Crate),
    gsSPMatrix((Mtx*)MATRIX_TRANSFORM_SEGMENT_ADDRESS + 30, G_MTX_MODELVIEW | G_MTX_MUL | G_MTX_PUSH),
    gsSPDisplayList(Mars_CrateDisplayList),
    gsSPPopMatrix(G_MTX_MODELVIEW),
    gsSPMatrix((Mtx*)MATRIX_TRANSFORM_SEGMENT_ADDRESS + 29, G_MTX_MODELVIEW | G_MTX_MUL | G_MTX_PUSH),
    gsSPDisplayList(Mars_CrateDisplayList),
    gsSPPopMatrix(G_MTX_MODELVIEW),
    gsSPMatrix((Mtx*)MATRIX_TRANSFORM_SEGMENT_ADDRESS + 26, G_MTX_MODELVIEW | G_MTX_MUL | G_MTX_PUSH),
    gsSPDisplayList(Mars_CrateDisplayList),
    gsSPPopMatrix(G_MTX_MODELVIEW),
    gsSPMatrix((Mtx*)MATRIX_TRANSFORM_SEGMENT_ADDRESS + 25, G_MTX_MODELVIEW | G_MTX_MUL | G_MTX_PUSH),
    gsSPDisplayList(Mars_CrateDisplayList),
    gsSPPopMatrix(G_MTX_MODELVIEW),
    gsSPMatrix((Mtx*)MATRIX_TRANSFORM_SEGMENT_ADDRESS + 5, G_MTX_MODELVIEW | G_MTX_MUL | G_MTX_PUSH),
    gsSPDisplayList(Mars_CrateDisplayList),
    gsSPPopMatrix(G_MTX_MODELVIEW),
    gsSPMatrix((Mtx*)MATRIX_TRANSFORM_SEGMENT_ADDRESS + 24, G_MTX_MODELVIEW | G_MTX_MUL | G_MTX_PUSH),
    gsSPDisplayList(Mars_CrateDisplayList),
    gsSPPopMatrix(G_MTX_MODELVIEW),
    gsSPMatrix((Mtx*)MATRIX_TRANSFORM_SEGMENT_ADDRESS + 23, G_MTX_MODELVIEW | G_MTX_MUL | G_MTX_PUSH),
    gsSPDisplayList(Mars_CrateDisplayList),
    gsSPPopMatrix(G_MTX_MODELVIEW),
    gsSPMatrix((Mtx*)MATRIX_TRANSFORM_SEGMENT_ADDRESS + 22, G_MTX_MODELVIEW | G_MTX_MUL | G_MTX_PUSH),
    gsSPDisplayList(Mars_CrateDisplayList),
    gsSPPopMatrix(G_MTX_MODELVIEW),
    gsSPMatrix((Mtx*)MATRIX_TRANSFORM_SEGMENT_ADDRESS + 21, G_MTX_MODELVIEW | G_MTX_MUL | G_MTX_PUSH),
    gsSPDisplayList(Mars_CrateDisplayList),
    gsSPPopMatrix(G_MTX_MODELVIEW),
    gsSPMatrix((Mtx*)MATRIX_TRANSFORM_SEGMENT_ADDRESS + 20, G_MTX_MODELVIEW | G_MTX_MUL | G_MTX_PUSH),
    gsSPDisplayList(Mars_CrateDisplayList),
    gsSPPopMatrix(G_MTX_MODELVIEW),
    gsSPMatrix((Mtx*)MATRIX_TRANSFORM_SEGMENT_ADDRESS + 19, G_MTX_MODELVIEW | G_MTX_MUL | G_MTX_PUSH),
    gsSPDisplayList(Mars_CrateDisplayList),
    gsSPPopMatrix(G_MTX_MODELVIEW),
    gsSPMatrix((Mtx*)MATRIX_TRANSFORM_SEGMENT_ADDRESS + 18, G_MTX_MODELVIEW | G_MTX_MUL | G_MTX_PUSH),
    gsSPDisplayList(Mars_CrateDisplayList),
    gsSPPopMatrix(G_MTX_MODELVIEW),
    gsSPDisplayList(Mars_Metal),
    gsSPMatrix((Mtx*)MATRIX_TRANSFORM_SEGMENT_ADDRESS + 15, G_MTX_MODELVIEW | G_MTX_MUL | G_MTX_PUSH),
    gsSPDisplayList(Mars_Broken_BaseDisplayList),
    gsSPPopMatrix(G_MTX_MODELVIEW),
    gsSPMatrix((Mtx*)MATRIX_TRANSFORM_SEGMENT_ADDRESS + 9, G_MTX_MODELVIEW | G_MTX_MUL | G_MTX_PUSH),
    gsSPDisplayList(Mars_Broken_BaseDisplayList),
    gsSPPopMatrix(G_MTX_MODELVIEW),
    gsSPDisplayList(Mars_Rock),
    gsSPMatrix((Mtx*)MATRIX_TRANSFORM_SEGMENT_ADDRESS + 2, G_MTX_MODELVIEW | G_MTX_MUL | G_MTX_PUSH),
    gsSPDisplayList(Mars_Rock001DisplayList),
    gsSPPopMatrix(G_MTX_MODELVIEW),
    gsSPMatrix((Mtx*)MATRIX_TRANSFORM_SEGMENT_ADDRESS + 10, G_MTX_MODELVIEW | G_MTX_MUL | G_MTX_PUSH),
    gsSPDisplayList(Mars_Rock001DisplayList),
    gsSPPopMatrix(G_MTX_MODELVIEW),
    gsSPMatrix((Mtx*)MATRIX_TRANSFORM_SEGMENT_ADDRESS + 1, G_MTX_MODELVIEW | G_MTX_MUL | G_MTX_PUSH),
    gsSPDisplayList(Mars_Rock002DisplayList),
    gsSPPopMatrix(G_MTX_MODELVIEW),
    gsSPMatrix((Mtx*)MATRIX_TRANSFORM_SEGMENT_ADDRESS + 11, G_MTX_MODELVIEW | G_MTX_MUL | G_MTX_PUSH),
    gsSPDisplayList(Mars_Rock002DisplayList),
    gsSPPopMatrix(G_MTX_MODELVIEW),
    gsSPMatrix((Mtx*)MATRIX_TRANSFORM_SEGMENT_ADDRESS + 14, G_MTX_MODELVIEW | G_MTX_MUL | G_MTX_PUSH),
    gsSPDisplayList(Mars_Rock003DisplayList),
    gsSPPopMatrix(G_MTX_MODELVIEW),
    gsSPMatrix((Mtx*)MATRIX_TRANSFORM_SEGMENT_ADDRESS + 3, G_MTX_MODELVIEW | G_MTX_MUL | G_MTX_PUSH),
    gsSPDisplayList(Mars_Rock003DisplayList),
    gsSPPopMatrix(G_MTX_MODELVIEW),
    gsSPMatrix((Mtx*)MATRIX_TRANSFORM_SEGMENT_ADDRESS + 12, G_MTX_MODELVIEW | G_MTX_MUL | G_MTX_PUSH),
    gsSPDisplayList(Mars_Rock003DisplayList),
    gsSPPopMatrix(G_MTX_MODELVIEW),
    gsSPMatrix((Mtx*)MATRIX_TRANSFORM_SEGMENT_ADDRESS + 13, G_MTX_MODELVIEW | G_MTX_MUL | G_MTX_PUSH),
    gsSPDisplayList(Mars_Rock003DisplayList),
    gsSPPopMatrix(G_MTX_MODELVIEW),
    gsSPMatrix((Mtx*)MATRIX_TRANSFORM_SEGMENT_ADDRESS + 0, G_MTX_MODELVIEW | G_MTX_MUL | G_MTX_PUSH),
    gsSPDisplayList(Mars_Rock004DisplayList),
    gsSPPopMatrix(G_MTX_MODELVIEW),
    gsSPDisplayList(Mars_SetTextures1),
    gsSPMatrix((Mtx*)MATRIX_TRANSFORM_SEGMENT_ADDRESS + 4, G_MTX_MODELVIEW | G_MTX_MUL | G_MTX_PUSH),
    gsSPDisplayList(Mars_ConsoleBDisplayList),
    gsSPPopMatrix(G_MTX_MODELVIEW),
    gsSPMatrix((Mtx*)MATRIX_TRANSFORM_SEGMENT_ADDRESS + 16, G_MTX_MODELVIEW | G_MTX_MUL | G_MTX_PUSH),
    gsSPDisplayList(Mars_ConsoleBDisplayList),
    gsSPPopMatrix(G_MTX_MODELVIEW),
    gsSPMatrix((Mtx*)MATRIX_TRANSFORM_SEGMENT_ADDRESS + 8, G_MTX_MODELVIEW | G_MTX_MUL | G_MTX_PUSH),
    gsSPDisplayList(Mars_DishDisplayList),
    gsSPPopMatrix(G_MTX_MODELVIEW),
    gsSPMatrix((Mtx*)MATRIX_TRANSFORM_SEGMENT_ADDRESS + 27, G_MTX_MODELVIEW | G_MTX_MUL | G_MTX_PUSH),
    gsSPDisplayList(Mars_DishDisplayList),
    gsSPPopMatrix(G_MTX_MODELVIEW),
    gsSPMatrix((Mtx*)MATRIX_TRANSFORM_SEGMENT_ADDRESS + 7, G_MTX_MODELVIEW | G_MTX_MUL | G_MTX_PUSH),
    gsSPDisplayList(Mars_DishBaseDisplayList),
    gsSPPopMatrix(G_MTX_MODELVIEW),
    gsSPMatrix((Mtx*)MATRIX_TRANSFORM_SEGMENT_ADDRESS + 28, G_MTX_MODELVIEW | G_MTX_MUL | G_MTX_PUSH),
    gsSPDisplayList(Mars_DishBaseDisplayList),
    gsSPPopMatrix(G_MTX_MODELVIEW),
    gsSPMatrix((Mtx*)MATRIX_TRANSFORM_SEGMENT_ADDRESS + 17, G_MTX_MODELVIEW | G_MTX_MUL | G_MTX_PUSH),
    gsSPDisplayList(Mars_SearchlightDisplayList),
    gsSPPopMatrix(G_MTX_MODELVIEW),
    gsSPMatrix((Mtx*)MATRIX_TRANSFORM_SEGMENT_ADDRESS + 6, G_MTX_MODELVIEW | G_MTX_MUL | G_MTX_PUSH),
    gsSPDisplayList(Mars_SearchlightDisplayList),
    gsSPPopMatrix(G_MTX_MODELVIEW),
    gsSPEndDisplayList(),
};
struct BaseDefinition Course_01_Bases[] = {
    {.position = {-3567.56, -3334.73}, .startingTeam = TEAM(0)},
    {.position = {3002.98, 3734.04}, .startingTeam = TEAM(1)},
    {.position = {3694.97, -3654.04}, .startingTeam = TEAM(2)},
    {.position = {-2463.31, 3685.58}, .startingTeam = TEAM(3)},
    {.position = {1125.61, -1075.93}, .startingTeam = TEAM_NONE},
    {.position = {-134.36, 2137.7}, .startingTeam = TEAM_NONE},
    {.position = {-997.935, -3097.54}, .startingTeam = TEAM_NONE},
    {.position = {3028.31, 911.709}, .startingTeam = TEAM_NONE},
    {.position = {-3580.17, 537.965}, .startingTeam = TEAM_NONE},
};

struct Vector2 Course_01_StartingPositions[] = {
    {-3567.56, -3334.73},
    {3002.98, 3734.04},
    {3694.97, -3654.04},
    {-2463.31, 3685.58},
};

struct SceneBoundary Course_01_Boundary[] = {
    {{4046.9, -4046.9}, {-1, 0}, 8093.81},
    {{4046.9, 4046.9}, {-0, -1}, 8093.81},
    {{-4046.9, 4046.9}, {1, 0}, 8093.81},
    {{-4046.9, -4046.9}, {-0, 1}, 8093.81},
};

struct DecorDefinition Course_01_Decor[] = {
    {{-55.3511, 0, 178.636}, {-5.96046e-08, 0, 0, 1}, 1, ROCK004_DECOR_ID},
    {{-2377.09, 0, 158.167}, {-5.96046e-08, 0, 0, 1}, 1, ROCK002_DECOR_ID},
    {{-44.0262, 0, 3788.55}, {-5.96046e-08, 0, 0, 1}, 1, ROCK001_DECOR_ID},
    {{-3141.57, 0, 2351.86}, {-5.96046e-08, 0, 0, 1}, 1, ROCK003_DECOR_ID},
    {{-1202.49, 0, 2457.56}, {2.98023e-08, -0.215582, 0, 0.976486}, 1, CONSOLEB_DECOR_ID},
    {{-1245.17, 0, -3769.88}, {-5.96046e-08, 0, 0, 1}, 1, CRATE_DECOR_ID},
    {{-1301.8, 0, -1897.56}, {9.50694e-06, 0.709928, -9.62615e-06, 0.704275}, 1, SEARCHLIGHT_DECOR_ID},
    {{-2629.74, 0, -3599.5}, {2.23517e-08, 0.981608, -1.49012e-07, 0.190909}, 1, DISHBASE_DECOR_ID},
    {{-2156.77, 136.501, -3498.3}, {0.223327, 0.839707, -0.407277, 0.281324}, 1, DISH_DECOR_ID},
    {{178.011, 0, -2693.11}, {0, 0.457917, 1.49012e-08, 0.888995}, 1.28005, BROKEN_BASE_DECOR_ID},
    {{54.1713, 0, -3755.73}, {2.13163e-14, 1, -1.49012e-07, 1.94707e-07}, 1, ROCK001_DECOR_ID},
    {{2167.29, 0, 158.167}, {-5.96046e-08, 0, 0, 1}, 1, ROCK002_DECOR_ID},
    {{-2801.8, 0, -2348.25}, {2.13163e-14, 1, -1.49012e-07, 1.94707e-07}, 1, ROCK003_DECOR_ID},
    {{2903.46, 0, -2150.06}, {0, 0.993914, -1.78814e-07, 0.110159}, 1, ROCK003_DECOR_ID},
    {{2733.57, 0, 2366.02}, {-9.31323e-09, 0.999223, -8.9407e-08, -0.039423}, 1, ROCK003_DECOR_ID},
    {{1423.82, 0, 2247.67}, {-1.49012e-07, -0.0492292, -3.72529e-09, 0.998788}, 1.28005, BROKEN_BASE_DECOR_ID},
    {{1416.55, 0, -3261.85}, {2.98023e-08, -0.531953, 0, 0.846774}, 1, CONSOLEB_DECOR_ID},
    {{1128.48, 0, 1705.39}, {-1.49012e-07, 0.16873, 1.49012e-08, 0.985662}, 1, SEARCHLIGHT_DECOR_ID},
    {{1175.67, 0, -3727.41}, {-5.96046e-08, 0, 0, 1}, 1, CRATE_DECOR_ID},
    {{1770.26, 0, -1249.94}, {-5.96046e-08, 0, 0, 1}, 1, CRATE_DECOR_ID},
    {{1543.75, 0, -980.962}, {-5.96046e-08, 0, 0, 1}, 1, CRATE_DECOR_ID},
    {{-1811.45, 0, -1731.28}, {-5.96046e-08, 0, 0, 1}, 1, CRATE_DECOR_ID},
    {{-1471.69, 0, -1377.36}, {-5.96046e-08, 0, 0, 1}, 1, CRATE_DECOR_ID},
    {{1345.55, 0, 1340.78}, {-5.96046e-08, 0, 0, 1}, 1, CRATE_DECOR_ID},
    {{1628.69, 0, 1638.08}, {-5.96046e-08, 0, 0, 1}, 1, CRATE_DECOR_ID},
    {{-1839.77, 0, 1298.31}, {-5.96046e-08, 0, 0, 1}, 1, CRATE_DECOR_ID},
    {{-2094.59, 0, 1553.14}, {-5.96046e-08, 0, 0, 1}, 1, CRATE_DECOR_ID},
    {{2294.18, 136.501, 935.659}, {0.438365, -0.139939, 0.153579, 0.874452}, 1, DISH_DECOR_ID},
    {{2772.56, 0, 664.582}, {-1.11759e-08, 0.994716, -8.9407e-08, -0.102665}, 1, DISHBASE_DECOR_ID},
    {{920.841, 0, 3668.19}, {-5.96046e-08, 0, 0, 1}, 1, CRATE_DECOR_ID},
    {{-1746.33, 0, 3804.09}, {-5.96046e-08, 0, 0, 1}, 1, CRATE_DECOR_ID},
};
struct Vector3 Course_01_PathingNodes[] = {
    {-3620.26, 0.0f, 541.712},
    {-3377, 0.0f, -942.698},
    {2077.01, 0.0f, 3199.41},
    {3014.86, 0.0f, 3680.6},
    {-922.135, 0.0f, -217.346},
    {1131.64, 0.0f, -1068.9},
    {3510.36, 0.0f, 2622.01},
    {3002.16, 0.0f, 947.349},
    {-2176.03, 0.0f, 896.452},
    {-2493.31, 0.0f, 3753.16},
    {-107.786, 0.0f, 2155.24},
    {-3615.09, 0.0f, -3384.53},
    {-957.224, 0.0f, -3089.61},
    {-2165.04, 0.0f, -3020.57},
    {-411.898, 0.0f, -2617.89},
    {2777.27, 0.0f, -3244.48},
    {3700.9, 0.0f, -3655.94},
    {1367.42, 0.0f, -394.642},
    {2852.29, 0.0f, -357.937},
    {2018.19, 0.0f, 1834.81},
    {-2916.35, 0.0f, -3443.34},
    {1462.6, 0.0f, 588.127},
    {3537.67, 0.0f, -1306.54},
};
char Course_01_BasesPathNodes[] = {
    11,
    3,
    16,
    9,
    5,
    10,
    12,
    7,
    0,
};
unsigned short Course_01_NodeDistances[] = {
    0, 1504, 6329, 7383, 3164, 5387, 8552, 7383, 1487, 4361, 3908, 3957, 6036, 5520, 6757, 8115, 9126, 6101, 7587, 6058, 4658, 7089, 8757, 
    1504, 0, 7489, 8543, 2559, 4783, 9712, 8296, 2991, 5865, 5068, 2453, 5226, 4016, 5947, 7510, 8522, 5497, 6982, 7218, 3154, 6484, 8153, 
    6329, 7489, 0, 1054, 4929, 4432, 2222, 2690, 4842, 5292, 2421, 9943, 7340, 8549, 6619, 7160, 7530, 3718, 4004, 1365, 9412, 2730, 5175, 
    7383, 8543, 1054, 0, 5984, 5486, 1168, 2918, 5896, 6346, 3475, 10997, 8394, 9604, 7673, 8214, 7758, 4772, 4232, 2419, 10466, 3784, 5403, 
    3164, 2559, 4929, 5984, 0, 2223, 7152, 5736, 1677, 4551, 2508, 5013, 2872, 4082, 3593, 4951, 5962, 2937, 4422, 4658, 4944, 3924, 5593, 
    5387, 4783, 4432, 5486, 2223, 0, 5263, 3513, 3900, 6325, 3454, 5680, 2907, 4117, 2186, 2727, 3739, 714, 2199, 3066, 4979, 1701, 3369, 
    8552, 9712, 2222, 1168, 7152, 5263, 0, 1750, 7065, 7515, 4644, 10944, 8171, 9381, 7450, 7600, 6589, 4549, 3063, 3075, 10243, 4440, 4234, 
    7383, 8296, 2690, 2918, 5736, 3513, 1750, 0, 5896, 6346, 3475, 9194, 6421, 7631, 5700, 5850, 4839, 2799, 1313, 1325, 8493, 2689, 2484, 
    1487, 2991, 4842, 5896, 1677, 3900, 7065, 5896, 0, 2874, 2421, 5444, 4549, 5759, 5270, 6628, 7639, 4614, 6100, 4571, 6145, 5602, 7270, 
    4361, 5865, 5292, 6346, 4551, 6325, 7515, 6346, 2874, 0, 2871, 8319, 7423, 8633, 8144, 9053, 10064, 7039, 7660, 5021, 9020, 6386, 8830, 
    3908, 5068, 2421, 3475, 2508, 3454, 4644, 3475, 2421, 2871, 0, 7521, 5380, 6590, 5640, 6182, 7193, 4168, 4788, 2149, 7452, 3514, 5959, 
    3957, 2453, 9943, 10997, 5013, 5680, 10944, 9194, 5444, 8319, 7521, 0, 2773, 1563, 3494, 6744, 7755, 6395, 7880, 8747, 701, 7382, 9050, 
    6036, 5226, 7340, 8394, 2872, 2907, 8171, 6421, 4549, 7423, 5380, 2773, 0, 1209, 721, 3971, 4982, 3622, 5107, 5974, 2071, 4609, 6277, 
    5520, 4016, 8549, 9604, 4082, 4117, 9381, 7631, 5759, 8633, 6590, 1563, 1209, 0, 1930, 5180, 6192, 4831, 6317, 7184, 862, 5819, 7487, 
    6757, 5947, 6619, 7673, 3593, 2186, 7450, 5700, 5270, 8144, 5640, 3494, 721, 1930, 0, 3250, 4261, 2901, 4386, 5253, 2792, 3888, 5556, 
    8115, 7510, 7160, 8214, 4951, 2727, 7600, 5850, 6628, 9053, 6182, 6744, 3971, 5180, 3250, 0, 1011, 3442, 4536, 5794, 6043, 4429, 3366, 
    9126, 8522, 7530, 7758, 5962, 3739, 6589, 4839, 7639, 10064, 7193, 7755, 4982, 6192, 4261, 1011, 0, 4453, 3525, 6164, 7054, 5440, 2355, 
    6101, 5497, 3718, 4772, 2937, 714, 4549, 2799, 4614, 7039, 4168, 6395, 3622, 4831, 2901, 3442, 4453, 0, 1485, 2352, 5693, 987, 2655, 
    7587, 6982, 4004, 4232, 4422, 2199, 3063, 1313, 6100, 7660, 4788, 7880, 5107, 6317, 4386, 4536, 3525, 1485, 0, 2638, 7179, 2472, 1170, 
    6058, 7218, 1365, 2419, 4658, 3066, 3075, 1325, 4571, 5021, 2149, 8747, 5974, 7184, 5253, 5794, 6164, 2352, 2638, 0, 8046, 1364, 3809, 
    4658, 3154, 9412, 10466, 4944, 4979, 10243, 8493, 6145, 9020, 7452, 701, 2071, 862, 2792, 6043, 7054, 5693, 7179, 8046, 0, 6681, 8349, 
    7089, 6484, 2730, 3784, 3924, 1701, 4440, 2689, 5602, 6386, 3514, 7382, 4609, 5819, 3888, 4429, 5440, 987, 2472, 1364, 6681, 0, 3642, 
    8757, 8153, 5175, 5403, 5593, 3369, 4234, 2484, 7270, 8830, 5959, 9050, 6277, 7487, 5556, 3366, 2355, 2655, 1170, 3809, 8349, 3642, 0, 
};
char Course_01_NextNode[] = {
    0, 1, 8, 8, 8, 8, 8, 8, 8, 8, 8, 1, 8, 1, 8, 8, 8, 8, 8, 8, 1, 8, 8, 
    0, 1, 4, 4, 4, 4, 4, 4, 0, 0, 4, 11, 11, 11, 11, 4, 4, 4, 4, 4, 11, 4, 4, 
    10, 10, 2, 3, 10, 19, 3, 19, 10, 10, 10, 10, 19, 19, 19, 19, 19, 19, 19, 19, 19, 19, 19, 
    2, 2, 2, 3, 2, 2, 6, 6, 2, 2, 2, 2, 2, 2, 2, 2, 6, 2, 6, 2, 2, 2, 6, 
    8, 1, 10, 10, 4, 5, 10, 5, 8, 8, 10, 1, 12, 12, 12, 5, 5, 5, 5, 10, 12, 5, 5, 
    4, 4, 17, 17, 4, 5, 17, 17, 4, 10, 10, 14, 14, 14, 14, 15, 15, 17, 17, 17, 14, 17, 17, 
    3, 3, 3, 3, 3, 7, 6, 7, 3, 3, 3, 7, 7, 7, 7, 7, 7, 7, 7, 7, 7, 7, 7, 
    19, 18, 19, 6, 18, 18, 6, 7, 19, 19, 19, 18, 18, 18, 18, 18, 18, 18, 18, 19, 18, 19, 18, 
    0, 0, 10, 10, 4, 4, 10, 10, 8, 9, 10, 0, 4, 4, 4, 4, 4, 4, 4, 10, 0, 4, 4, 
    8, 8, 10, 10, 8, 10, 10, 10, 8, 9, 10, 8, 8, 8, 8, 10, 10, 10, 10, 10, 8, 10, 10, 
    8, 4, 2, 2, 4, 5, 2, 19, 8, 9, 10, 4, 4, 4, 5, 5, 5, 5, 19, 19, 4, 19, 19, 
    1, 1, 1, 1, 1, 20, 20, 20, 1, 1, 1, 11, 20, 20, 20, 20, 20, 20, 20, 20, 20, 20, 20, 
    4, 13, 14, 14, 4, 14, 14, 14, 4, 4, 4, 13, 12, 13, 14, 14, 14, 14, 14, 14, 13, 14, 14, 
    20, 20, 12, 12, 12, 12, 12, 12, 12, 12, 12, 20, 12, 13, 12, 12, 12, 12, 12, 12, 20, 12, 12, 
    12, 12, 5, 5, 12, 5, 5, 5, 12, 12, 5, 12, 12, 12, 14, 15, 15, 5, 5, 5, 12, 5, 5, 
    5, 5, 5, 5, 5, 5, 16, 16, 5, 5, 5, 14, 14, 14, 14, 15, 16, 5, 16, 5, 14, 5, 16, 
    15, 15, 22, 22, 15, 15, 22, 22, 15, 15, 15, 15, 15, 15, 15, 15, 16, 15, 22, 22, 15, 15, 22, 
    5, 5, 21, 21, 5, 5, 18, 18, 5, 5, 5, 5, 5, 5, 5, 5, 5, 17, 18, 21, 5, 21, 18, 
    17, 17, 7, 7, 17, 17, 7, 7, 17, 7, 7, 17, 17, 17, 17, 22, 22, 17, 18, 7, 17, 17, 22, 
    10, 10, 2, 2, 10, 21, 7, 7, 10, 10, 10, 21, 21, 21, 21, 21, 7, 21, 7, 19, 21, 21, 7, 
    11, 11, 13, 13, 13, 13, 13, 13, 11, 11, 13, 11, 13, 13, 13, 13, 13, 13, 13, 13, 20, 13, 13, 
    17, 17, 19, 19, 17, 17, 19, 19, 17, 19, 19, 17, 17, 17, 17, 17, 17, 17, 17, 19, 17, 21, 17, 
    18, 18, 18, 18, 18, 18, 18, 18, 18, 18, 18, 18, 18, 18, 18, 16, 16, 18, 18, 18, 18, 18, 22, 
};
struct LevelDefinition Course_01_Definition = {
    .maxPlayerCount = 4,
    .playerStartLocations = Course_01_StartingPositions,
    .baseCount = 9,
    .decorCount = 31,
    .bases = Course_01_Bases,
    .decor = Course_01_Decor,
    .levelBoundaries = {{-4046.9, -4046.9}, {4046.9, 4046.9}},
    .sceneRender = Course_01_model_gfx,
    .theme = &MarsTheme,
    .staticScene = {Course_01_Boundary, 4},
    .pathfinding = {.nodeCount = 23, .baseNodes = Course_01_BasesPathNodes, .nodeDistances = Course_01_NodeDistances, .nodePositions = Course_01_PathingNodes, .nextNode = Course_01_NextNode},
};

